1 3749.000000 0.515958
2 3751.000000 0.556198
3 3753.000000 0.556198
4 3755.000000 0.556198
5 3757.000000 0.556198
6 3759.000000 0.557061
7 3761.000000 0.557061
8 3763.000000 0.557061
9 3765.000000 0.557061
10 3767.000000 0.557061
11 3769.000000 0.557061
12 3771.000000 0.557061
13 3773.000000 0.569702
14 3775.000000 0.570925
15 3777.000000 0.570925
16 3779.000000 0.570925
17 3781.000000 0.570925
18 3783.000000 0.570925
19 3785.000000 0.578296
20 3787.000000 0.578296
21 3789.000000 0.578296
22 3791.000000 0.578296
23 3793.000000 0.578296
24 3795.000000 0.581766
25 3797.000000 0.581766
26 3799.000000 0.581766
27 3801.000000 0.581766
28 3803.000000 0.584411
29 3805.000000 0.584411
30 3807.000000 0.588840
31 3809.000000 0.588840
32 3811.000000 0.588840
33 3813.000000 0.588840
34 3815.000000 0.588840
35 3817.000000 0.588840
36 3819.000000 0.588840
37 3821.000000 0.594074
38 3823.000000 0.594074
39 3825.000000 0.594074
40 3827.000000 0.594074
41 3829.000000 0.594074
42 3831.000000 0.596940
43 3833.000000 0.602307
44 3835.000000 0.601778
45 3837.000000 0.601778
46 3839.000000 0.601778
47 3841.000000 0.601778
48 3843.000000 0.600311
49 3845.000000 0.605682
50 3847.000000 0.605682
51 3849.000000 0.586071
52 3851.000000 0.586071
53 3853.000000 0.587089
54 3855.000000 0.587089
55 3857.000000 0.587089
56 3859.000000 0.587089
57 3861.000000 0.606700
58 3863.000000 0.607595
59 3865.000000 0.607595
60 3867.000000 0.607595
61 3869.000000 0.616489
62 3871.000000 0.618744
63 3873.000000 0.618744
64 3875.000000 0.618744
65 3877.000000 0.623994
66 3879.000000 0.623994
67 3881.000000 0.623994
68 3883.000000 0.623994
69 3885.000000 0.623994
70 3887.000000 0.623994
71 3889.000000 0.623994
72 3891.000000 0.623994
73 3893.000000 0.623994
74 3895.000000 0.623994
75 3897.000000 0.623994
76 3899.000000 0.634639
77 3901.000000 0.637955
78 3903.000000 0.637955
79 3905.000000 0.637955
80 3907.000000 0.637955
81 3909.000000 0.637955
82 3911.000000 0.637955
83 3913.000000 0.637955
84 3915.000000 0.637955
85 3917.000000 0.637955
86 3919.000000 0.637955
87 3921.000000 0.637955
88 3923.000000 0.636864
89 3925.000000 0.636864
90 3927.000000 0.644064
91 3929.000000 0.644064
92 3931.000000 0.644064
93 3933.000000 0.644064
94 3935.000000 0.644064
95 3937.000000 0.644064
96 3939.000000 0.650554
97 3941.000000 0.650554
98 3943.000000 0.650554
99 3945.000000 0.650554
100 3947.000000 0.650554
101 3949.000000 0.656084
102 3951.000000 0.656084
103 3953.000000 0.656084
104 3955.000000 0.656084
105 3957.000000 0.656084
106 3959.000000 0.654079
107 3961.000000 0.654079
108 3963.000000 0.654079
109 3965.000000 0.654079
110 3967.000000 0.655409
111 3969.000000 0.655409
112 3971.000000 0.650955
113 3973.000000 0.670912
114 3975.000000 0.670912
115 3977.000000 0.670102
116 3979.000000 0.670102
117 3981.000000 0.673322
118 3983.000000 0.679781
119 3985.000000 0.679781
120 3987.000000 0.679781
121 3989.000000 0.679781
122 3991.000000 0.679781
123 3993.000000 0.679781
124 3995.000000 0.679781
125 3997.000000 0.684290
126 3999.000000 0.684290
127 4001.000000 0.684290
128 4003.000000 0.684290
129 4005.000000 0.685784
130 4007.000000 0.685784
131 4009.000000 0.685784
132 4011.000000 0.685784
133 4013.000000 0.685784
134 4015.000000 0.689453
135 4017.000000 0.689453
136 4019.000000 0.694754
137 4021.000000 0.694754
138 4023.000000 0.694754
139 4025.000000 0.695451
140 4027.000000 0.695451
141 4029.000000 0.695515
142 4031.000000 0.695515
143 4033.000000 0.696690
144 4035.000000 0.696690
145 4037.000000 0.696690
146 4039.000000 0.696690
147 4041.000000 0.698061
148 4043.000000 0.698061
149 4045.000000 0.718867
150 4047.000000 0.718867
151 4049.000000 0.739672
152 4051.000000 0.739672
153 4053.000000 0.739672
154 4055.000000 0.739672
155 4057.000000 0.739672
156 4059.000000 0.739672
157 4061.000000 0.739672
158 4063.000000 0.739672
159 4065.000000 0.739672
160 4067.000000 0.745269
161 4069.000000 0.745269
162 4071.000000 0.745269
163 4073.000000 0.752314
164 4075.000000 0.752314
165 4077.000000 0.752314
166 4079.000000 0.752314
167 4081.000000 0.752314
168 4083.000000 0.752314
169 4085.000000 0.752314
170 4087.000000 0.752314
171 4089.000000 0.757030
172 4091.000000 0.757030
173 4093.000000 0.762663
174 4095.000000 0.762663
175 4097.000000 0.762663
176 4099.000000 0.760809
177 4101.000000 0.754208
178 4103.000000 0.754208
179 4105.000000 0.759095
180 4107.000000 0.759095
181 4109.000000 0.750490
182 4111.000000 0.750490
183 4113.000000 0.766905
184 4115.000000 0.766905
185 4117.000000 0.766905
186 4119.000000 0.768421
187 4121.000000 0.777027
188 4123.000000 0.777027
189 4125.000000 0.774365
190 4127.000000 0.774365
191 4129.000000 0.774365
192 4131.000000 0.774365
193 4133.000000 0.774365
194 4135.000000 0.774365
195 4137.000000 0.774365
196 4139.000000 0.767215
197 4141.000000 0.780379
198 4143.000000 0.780379
199 4145.000000 0.780379
200 4147.000000 0.780379
201 4149.000000 0.780379
202 4151.000000 0.780379
203 4153.000000 0.790191
204 4155.000000 0.791031
205 4157.000000 0.794174
206 4159.000000 0.802498
207 4161.000000 0.807345
208 4163.000000 0.807345
209 4165.000000 0.817700
210 4167.000000 0.817700
211 4169.000000 0.817700
212 4171.000000 0.817700
213 4173.000000 0.817700
214 4175.000000 0.817700
215 4177.000000 0.821299
216 4179.000000 0.817700
217 4181.000000 0.800243
218 4183.000000 0.771064
219 4185.000000 0.761258
220 4187.000000 0.567077
221 4189.000000 0.467063
222 4191.000000 0.485126
223 4193.000000 0.488275
224 4195.000000 0.656069
225 4197.000000 0.805537
226 4199.000000 0.811964
227 4201.000000 0.820542
228 4203.000000 0.820542
229 4205.000000 0.820542
230 4207.000000 0.820542
231 4209.000000 0.820542
232 4211.000000 0.843391
233 4213.000000 0.848165
234 4215.000000 0.848165
235 4217.000000 0.848165
236 4219.000000 0.848165
237 4221.000000 0.848165
238 4223.000000 0.848165
239 4225.000000 0.852506
240 4227.000000 0.871228
241 4229.000000 0.871228
242 4231.000000 0.871228
243 4233.000000 0.864738
244 4235.000000 0.858216
245 4237.000000 0.858216
246 4239.000000 0.858216
247 4241.000000 0.858216
248 4243.000000 0.846868
249 4245.000000 0.853358
250 4247.000000 0.853358
251 4249.000000 0.853358
252 4251.000000 0.853358
253 4253.000000 0.853358
254 4255.000000 0.881646
255 4257.000000 0.881646
256 4259.000000 0.892993
257 4261.000000 0.892993
258 4263.000000 0.886638
259 4265.000000 0.886638
260 4267.000000 0.876244
261 4269.000000 0.876244
262 4271.000000 0.876244
263 4273.000000 0.905574
264 4275.000000 0.918795
265 4277.000000 0.918795
266 4279.000000 0.926953
267 4281.000000 0.952994
268 4283.000000 0.952994
269 4285.000000 0.952994
270 4287.000000 0.952994
271 4289.000000 0.952994
272 4291.000000 0.952994
273 4293.000000 0.948689
274 4295.000000 0.948689
275 4297.000000 0.948689
276 4299.000000 0.948689
277 4301.000000 0.965787
278 4303.000000 0.959265
279 4305.000000 0.963570
280 4307.000000 0.963570
281 4309.000000 0.963570
282 4311.000000 0.963570
283 4313.000000 0.963570
284 4315.000000 0.970092
285 4317.000000 0.970092
286 4319.000000 0.970092
287 4321.000000 0.970092
288 4323.000000 0.970092
289 4325.000000 0.970092
290 4327.000000 0.958268
291 4329.000000 0.958268
292 4331.000000 0.958268
293 4333.000000 0.958268
294 4335.000000 0.958268
295 4337.000000 0.958268
296 4339.000000 0.970092
297 4341.000000 0.970092
298 4343.000000 0.970092
299 4345.000000 0.970092
300 4347.000000 0.970092
301 4349.000000 0.995867
302 4351.000000 1.000000
303 4353.000000 1.000000
304 4355.000000 1.000000
305 4357.000000 1.000000
306 4359.000000 1.000000
307 4361.000000 1.000000
308 4363.000000 1.000000
309 4365.000000 1.000000
310 4367.000000 1.000000
311 4369.000000 1.000000
312 4371.000000 1.000000
313 4373.000000 1.000000
314 4375.000000 0.991169
315 4377.000000 0.991169
316 4379.000000 0.991169
317 4381.000000 0.991169
318 4383.000000 0.990472
319 4385.000000 0.990472
320 4387.000000 0.990210
321 4389.000000 0.990210
322 4391.000000 0.989358
323 4393.000000 0.989358
324 4395.000000 0.989358
325 4397.000000 0.990055
326 4399.000000 0.999148
327 4401.000000 0.999148
328 4403.000000 1.000000
329 4405.000000 1.000000
330 4407.000000 1.000000
331 4409.000000 1.000000
332 4411.000000 1.000000
333 4413.000000 1.000000
334 4415.000000 1.000000
335 4417.000000 1.000000
336 4419.000000 0.981394
337 4421.000000 0.961954
338 4423.000000 0.927142
339 4425.000000 0.804750
340 4427.000000 0.621987
341 4429.000000 0.608955
342 4431.000000 0.635177
343 4433.000000 0.748903
344 4435.000000 0.967550
345 4437.000000 0.995603
346 4439.000000 1.000000
347 4441.000000 1.000000
348 4443.000000 1.000000
349 4445.000000 1.000000
350 4447.000000 1.000000
351 4449.000000 1.000000
352 4451.000000 1.000000
353 4453.000000 1.000000
354 4455.000000 1.000000
355 4457.000000 1.000000
356 4459.000000 1.000000
357 4461.000000 1.000000
358 4463.000000 1.000000
359 4465.000000 1.000000
360 4467.000000 1.000000
361 4469.000000 1.000000
362 4471.000000 1.000000
363 4473.000000 1.000000
364 4475.000000 1.000000
365 4477.000000 1.000000
366 4479.000000 1.000000
367 4481.000000 1.000000
368 4483.000000 1.000000
369 4485.000000 1.000000
370 4487.000000 1.000000
371 4489.000000 1.000000
372 4491.000000 1.000000
373 4493.000000 1.000000
374 4495.000000 1.000000
375 4497.000000 1.000000
376 4499.000000 1.000000
377 4501.000000 1.000000
378 4503.000000 0.994583
379 4505.000000 0.994583
380 4507.000000 0.994583
381 4509.000000 0.994583
382 4511.000000 0.994583
383 4513.000000 0.994583
384 4515.000000 1.000000
385 4517.000000 1.000000
386 4519.000000 1.000000
387 4521.000000 1.000000
388 4523.000000 1.000000
389 4525.000000 1.000000
390 4527.000000 1.000000
391 4529.000000 0.987420
392 4531.000000 0.987420
393 4533.000000 0.987420
394 4535.000000 0.987420
395 4537.000000 0.987420
396 4539.000000 0.987420
397 4541.000000 1.000000
398 4543.000000 1.000000
399 4545.000000 1.000000
400 4547.000000 1.000000
401 4549.000000 1.000000
402 4551.000000 1.000000
403 4553.000000 1.000000
404 4555.000000 1.000000
405 4557.000000 1.000000
406 4559.000000 1.000000
407 4561.000000 1.000000
408 4563.000000 0.989107
409 4565.000000 0.989107
410 4567.000000 0.989107
411 4569.000000 0.989107
412 4571.000000 0.983664
413 4573.000000 0.983664
414 4575.000000 0.983664
415 4577.000000 0.994557
416 4579.000000 0.990325
417 4581.000000 0.990325
418 4583.000000 0.995767
419 4585.000000 0.995767
420 4587.000000 0.995767
421 4589.000000 0.995767
422 4591.000000 0.995767
423 4593.000000 0.995767
424 4595.000000 0.995767
425 4597.000000 1.000000
426 4599.000000 0.995033
427 4601.000000 0.995033
428 4603.000000 0.995033
429 4605.000000 0.995033
430 4607.000000 0.995033
431 4609.000000 0.995033
432 4611.000000 1.000000
433 4613.000000 1.000000
434 4615.000000 1.000000
435 4617.000000 1.000000
436 4619.000000 1.000000
437 4621.000000 1.000000
438 4623.000000 1.000000
439 4625.000000 0.993086
440 4627.000000 0.993086
441 4629.000000 0.993086
442 4631.000000 0.993086
443 4633.000000 0.993086
444 4635.000000 0.993086
445 4637.000000 0.993086
446 4639.000000 0.993086
447 4641.000000 1.000000
448 4643.000000 1.000000
449 4645.000000 1.000000
450 4647.000000 1.000000
451 4649.000000 1.000000
452 4651.000000 1.000000
453 4653.000000 1.000000
454 4655.000000 1.000000
455 4657.000000 1.000000
456 4659.000000 1.000000
457 4661.000000 1.000000
458 4663.000000 1.000000
459 4665.000000 1.000000
460 4667.000000 1.000000
461 4669.000000 1.000000
462 4671.000000 1.000000
463 4673.000000 1.000000
464 4675.000000 1.000000
465 4677.000000 1.000000
466 4679.000000 1.000000
467 4681.000000 1.000000
468 4683.000000 1.000000
469 4685.000000 0.996049
470 4687.000000 0.996049
471 4689.000000 0.996049
472 4691.000000 0.996049
473 4693.000000 0.996049
474 4695.000000 0.996049
475 4697.000000 0.996049
476 4699.000000 0.996049
477 4701.000000 0.996049
478 4703.000000 1.000000
479 4705.000000 1.000000
480 4707.000000 1.000000
481 4709.000000 1.000000
482 4711.000000 1.000000
483 4713.000000 1.000000
484 4715.000000 1.000000
485 4717.000000 1.000000
486 4719.000000 1.000000
487 4721.000000 1.000000
488 4723.000000 1.000000
489 4725.000000 1.000000
490 4727.000000 0.987896
491 4729.000000 0.987896
492 4731.000000 0.987896
493 4733.000000 0.987896
494 4735.000000 0.987896
495 4737.000000 0.987896
496 4739.000000 0.999148
497 4741.000000 1.000000
498 4743.000000 1.000000
499 4745.000000 1.000000
500 4747.000000 1.000000
501 4749.000000 1.000000
502 4751.000000 1.000000
503 4753.000000 1.000000
504 4755.000000 1.000000
505 4757.000000 1.000000
506 4759.000000 1.000000
507 4761.000000 1.000000
508 4763.000000 1.000000
509 4765.000000 1.000000
510 4767.000000 1.000000
511 4769.000000 1.000000
512 4771.000000 1.000000
513 4773.000000 1.000000
514 4775.000000 0.996171
515 4777.000000 0.996171
516 4779.000000 0.990696
517 4781.000000 0.990696
518 4783.000000 0.990696
519 4785.000000 0.990696
520 4787.000000 0.994524
521 4789.000000 0.994524
522 4791.000000 0.994524
523 4793.000000 1.000000
524 4795.000000 1.000000
525 4797.000000 1.000000
526 4799.000000 1.000000
527 4801.000000 1.000000
528 4803.000000 1.000000
529 4805.000000 1.000000
530 4807.000000 1.000000
531 4809.000000 1.000000
532 4811.000000 1.000000
533 4813.000000 1.000000
534 4815.000000 1.000000
535 4817.000000 1.000000
536 4819.000000 0.995713
537 4821.000000 0.995713
538 4823.000000 0.987626
539 4825.000000 0.986133
540 4827.000000 0.986133
541 4829.000000 0.986133
542 4831.000000 0.986133
543 4833.000000 0.990420
544 4835.000000 0.990420
545 4837.000000 1.000000
546 4839.000000 1.000000
547 4841.000000 1.000000
548 4843.000000 1.000000
549 4845.000000 1.000000
550 4847.000000 1.000000
551 4849.000000 0.998245
552 4851.000000 0.998245
553 4853.000000 0.998245
554 4855.000000 0.998245
555 4857.000000 0.998245
556 4859.000000 0.998245
557 4861.000000 0.998245
558 4863.000000 1.000000
559 4865.000000 1.000000
560 4867.000000 1.000000
561 4869.000000 1.000000
562 4871.000000 1.000000
563 4873.000000 1.000000
564 4875.000000 1.000000
565 4877.000000 1.000000
566 4879.000000 1.000000
567 4881.000000 1.000000
568 4883.000000 1.000000
569 4885.000000 1.000000
570 4887.000000 1.000000
571 4889.000000 1.000000
572 4891.000000 1.000000
573 4893.000000 0.961037
574 4895.000000 0.961037
575 4897.000000 0.961037
576 4899.000000 0.961037
577 4901.000000 0.961037
578 4903.000000 0.961037
579 4905.000000 0.961037
580 4907.000000 0.961037
581 4909.000000 0.961037
582 4911.000000 0.961037
583 4913.000000 1.000000
584 4915.000000 1.000000
585 4917.000000 1.000000
586 4919.000000 1.000000
587 4921.000000 1.000000
588 4923.000000 1.000000
589 4925.000000 1.000000
590 4927.000000 1.000000
591 4929.000000 1.000000
592 4931.000000 1.000000
593 4933.000000 1.000000
594 4935.000000 1.000000
595 4937.000000 1.000000
596 4939.000000 1.000000
597 4941.000000 1.000000
598 4943.000000 1.000000
599 4945.000000 1.000000
600 4947.000000 1.000000
601 4949.000000 1.000000
602 4951.000000 0.990827
603 4953.000000 0.985494
604 4955.000000 0.985494
605 4957.000000 0.969969
606 4959.000000 0.969969
607 4961.000000 0.969969
608 4963.000000 0.984474
609 4965.000000 0.984474
610 4967.000000 0.984474
611 4969.000000 1.000000
612 4971.000000 1.000000
613 4973.000000 1.000000
614 4975.000000 1.000000
615 4977.000000 1.000000
616 4979.000000 1.000000
617 4981.000000 1.000000
618 4983.000000 1.000000
619 4985.000000 1.000000
620 4987.000000 1.000000
621 4989.000000 1.000000
622 4991.000000 1.000000
623 4993.000000 1.000000
624 4995.000000 1.000000
625 4997.000000 1.000000
626 4999.000000 1.000000
627 5001.000000 1.000000
628 5003.000000 1.000000
629 5005.000000 1.000000
630 5007.000000 1.000000
631 5009.000000 1.000000
632 5011.000000 1.000000
633 5013.000000 1.000000
634 5015.000000 1.000000
635 5017.000000 1.000000
636 5019.000000 1.000000
637 5021.000000 1.000000
638 5023.000000 1.000000
639 5025.000000 1.000000
640 5027.000000 0.997438
641 5029.000000 0.997438
642 5031.000000 0.968013
643 5033.000000 0.968013
644 5035.000000 0.968013
645 5037.000000 0.968013
646 5039.000000 0.968013
647 5041.000000 0.970576
648 5043.000000 1.000000
649 5045.000000 1.000000
650 5047.000000 1.000000
651 5049.000000 1.000000
652 5051.000000 1.000000
653 5053.000000 1.000000
654 5055.000000 1.000000
655 5057.000000 0.992712
656 5059.000000 0.992712
657 5061.000000 0.992712
658 5063.000000 0.992712
659 5065.000000 0.992712
660 5067.000000 0.992712
661 5069.000000 1.000000
662 5071.000000 1.000000
663 5073.000000 1.000000
664 5075.000000 1.000000
665 5077.000000 1.000000
666 5079.000000 1.000000
667 5081.000000 1.000000
668 5083.000000 1.000000
669 5085.000000 1.000000
670 5087.000000 1.000000
671 5089.000000 1.000000
672 5091.000000 1.000000
673 5093.000000 1.000000
674 5095.000000 1.000000
675 5097.000000 1.000000
676 5099.000000 0.999309
677 5101.000000 0.999309
678 5103.000000 0.999309
679 5105.000000 0.999309
680 5107.000000 0.999309
681 5109.000000 0.999309
682 5111.000000 1.000000
683 5113.000000 1.000000
684 5115.000000 0.994702
685 5117.000000 0.994702
686 5119.000000 0.994702
687 5121.000000 0.987791
688 5123.000000 0.987791
689 5125.000000 0.987791
690 5127.000000 0.993089
691 5129.000000 0.993089
692 5131.000000 0.993089
693 5133.000000 1.000000
694 5135.000000 1.000000
695 5137.000000 1.000000
696 5139.000000 0.987580
697 5141.000000 0.987580
698 5143.000000 0.987580
699 5145.000000 0.987580
700 5147.000000 0.987580
701 5149.000000 1.000000
702 5151.000000 1.000000
703 5153.000000 1.000000
704 5155.000000 1.000000
705 5157.000000 1.000000
706 5159.000000 1.000000
707 5161.000000 1.000000
708 5163.000000 1.000000
709 5165.000000 0.992158
710 5167.000000 0.992158
711 5169.000000 0.992158
712 5171.000000 0.992158
713 5173.000000 0.992158
714 5175.000000 0.992158
715 5177.000000 1.000000
716 5179.000000 1.000000
717 5181.000000 1.000000
718 5183.000000 0.993934
719 5185.000000 0.993934
720 5187.000000 0.993934
721 5189.000000 0.993934
722 5191.000000 0.993934
723 5193.000000 0.993934
724 5195.000000 1.000000
725 5197.000000 1.000000
726 5199.000000 0.994734
727 5201.000000 0.989113
728 5203.000000 0.989113
729 5205.000000 0.989113
730 5207.000000 0.989113
731 5209.000000 0.982654
732 5211.000000 0.987919
733 5213.000000 0.993541
734 5215.000000 0.993541
735 5217.000000 0.993541
736 5219.000000 0.993541
737 5221.000000 1.000000
738 5223.000000 1.000000
739 5225.000000 1.000000
740 5227.000000 1.000000
741 5229.000000 1.000000
742 5231.000000 1.000000
743 5233.000000 0.990827
744 5235.000000 0.990827
745 5237.000000 0.990827
746 5239.000000 0.990827
747 5241.000000 0.990827
748 5243.000000 1.000000
749 5245.000000 0.995284
750 5247.000000 0.995284
751 5249.000000 0.995284
752 5251.000000 0.995284
753 5253.000000 0.995284
754 5255.000000 0.995284
755 5257.000000 1.000000
756 5259.000000 1.000000
757 5261.000000 1.000000
758 5263.000000 0.977001
759 5265.000000 0.977001
760 5267.000000 0.977001
761 5269.000000 0.977001
762 5271.000000 0.977001
763 5273.000000 0.977001
764 5275.000000 0.986818
765 5277.000000 1.000000
766 5279.000000 1.000000
767 5281.000000 1.000000
768 5283.000000 1.000000
769 5285.000000 1.000000
770 5287.000000 1.000000
771 5289.000000 1.000000
772 5291.000000 1.000000
773 5293.000000 1.000000
774 5295.000000 1.000000
775 5297.000000 1.000000
776 5299.000000 1.000000
777 5301.000000 1.000000
778 5303.000000 1.000000
779 5305.000000 1.000000
780 5307.000000 1.000000
781 5309.000000 1.000000
782 5311.000000 1.000000
783 5313.000000 1.000000
784 5315.000000 1.000000
785 5317.000000 1.000000
786 5319.000000 1.000000
787 5321.000000 1.000000
788 5323.000000 1.000000
789 5325.000000 1.000000
790 5327.000000 1.000000
791 5329.000000 1.000000
792 5331.000000 1.000000
793 5333.000000 1.000000
794 5335.000000 1.000000
795 5337.000000 1.000000
796 5339.000000 1.000000
797 5341.000000 1.000000
798 5343.000000 1.000000
799 5345.000000 1.000000
800 5347.000000 1.000000
801 5349.000000 1.000000
802 5351.000000 1.000000
803 5353.000000 1.000000
804 5355.000000 1.000000
805 5357.000000 1.000000
806 5359.000000 1.000000
807 5361.000000 1.000000
808 5363.000000 1.000000
809 5365.000000 1.000000
810 5367.000000 1.000000
811 5369.000000 1.000000
812 5371.000000 1.000000
813 5373.000000 1.000000
814 5375.000000 1.000000
815 5377.000000 1.000000
816 5379.000000 1.000000
817 5381.000000 1.000000
818 5383.000000 1.000000
819 5385.000000 1.000000
820 5387.000000 1.000000
821 5389.000000 1.000000
822 5391.000000 1.000000
823 5393.000000 1.000000
824 5395.000000 1.000000
825 5397.000000 1.000000
826 5399.000000 1.000000
827 5401.000000 1.000000
828 5403.000000 1.000000
829 5405.000000 1.000000
830 5407.000000 1.000000
831 5409.000000 1.000000
832 5411.000000 1.000000
833 5413.000000 1.000000
834 5415.000000 1.000000
835 5417.000000 1.000000
836 5419.000000 1.000000
837 5421.000000 1.000000
838 5423.000000 1.000000
839 5425.000000 1.000000
840 5427.000000 1.000000
841 5429.000000 1.000000
842 5431.000000 1.000000
843 5433.000000 1.000000
844 5435.000000 1.000000
845 5437.000000 1.000000
846 5439.000000 1.000000
847 5441.000000 1.000000
848 5443.000000 1.000000
849 5445.000000 0.992662
850 5447.000000 0.992662
851 5449.000000 0.992662
852 5451.000000 0.992662
853 5453.000000 0.992662
854 5455.000000 0.992662
855 5457.000000 1.000000
856 5459.000000 1.000000
857 5461.000000 1.000000
858 5463.000000 1.000000
859 5465.000000 1.000000
860 5467.000000 1.000000
861 5469.000000 1.000000
862 5471.000000 1.000000
863 5473.000000 1.000000
864 5475.000000 1.000000
865 5477.000000 1.000000
866 5479.000000 1.000000
867 5481.000000 1.000000
868 5483.000000 1.000000
869 5485.000000 1.000000
870 5487.000000 1.000000
871 5489.000000 1.000000
872 5491.000000 1.000000
873 5493.000000 1.000000
874 5495.000000 1.000000
875 5497.000000 1.000000
876 5499.000000 1.000000
877 5501.000000 1.000000
878 5503.000000 1.000000
879 5505.000000 1.000000
880 5507.000000 1.000000
881 5509.000000 1.000000
882 5511.000000 1.000000
883 5513.000000 1.000000
884 5515.000000 1.000000
885 5517.000000 1.000000
886 5519.000000 1.000000
887 5521.000000 1.000000
888 5523.000000 1.000000
889 5525.000000 1.000000
890 5527.000000 1.000000
891 5529.000000 1.000000
892 5531.000000 1.000000
893 5533.000000 1.000000
894 5535.000000 1.000000
895 5537.000000 1.000000
896 5539.000000 1.000000
897 5541.000000 1.000000
898 5543.000000 1.000000
899 5545.000000 1.000000
900 5547.000000 1.000000
901 5549.000000 0.998622
902 5551.000000 0.998622
903 5553.000000 0.998622
904 5555.000000 0.998622
905 5557.000000 0.998622
906 5559.000000 0.998622
907 5561.000000 0.998622
908 5563.000000 1.000000
909 5565.000000 1.000000
910 5567.000000 1.000000
911 5569.000000 0.954618
912 5571.000000 0.894474
913 5573.000000 0.849174
914 5575.000000 0.842854
915 5577.000000 0.848408
916 5579.000000 0.906135
917 5581.000000 0.902167
918 5583.000000 0.904304
919 5585.000000 0.908579
920 5587.000000 0.922655
921 5589.000000 0.934185
922 5591.000000 0.940053
923 5593.000000 0.931558
924 5595.000000 0.942980
925 5597.000000 0.940300
926 5599.000000 0.957785
927 5601.000000 0.959495
928 5603.000000 0.970963
929 5605.000000 0.980715
930 5607.000000 0.999501
931 5609.000000 0.994468
932 5611.000000 0.994468
933 5613.000000 0.994468
934 5615.000000 0.992713
935 5617.000000 0.992713
936 5619.000000 0.992713
937 5621.000000 0.992713
938 5623.000000 1.000000
939 5625.000000 1.000000
940 5627.000000 1.000000
941 5629.000000 0.923462
942 5631.000000 0.725202
943 5633.000000 0.538070
944 5635.000000 0.491143
945 5637.000000 0.574296
946 5639.000000 0.718840
947 5641.000000 0.899579
948 5643.000000 0.961687
949 5645.000000 0.961687
950 5647.000000 0.961687
951 5649.000000 0.974853
952 5651.000000 1.000000
953 5653.000000 1.000000
954 5655.000000 1.000000
955 5657.000000 1.000000
956 5659.000000 1.000000
957 5661.000000 1.000000
958 5663.000000 1.000000
959 5665.000000 1.000000
960 5667.000000 1.000000
961 5669.000000 1.000000
962 5671.000000 1.000000
963 5673.000000 1.000000
964 5675.000000 1.000000
965 5677.000000 1.000000
966 5679.000000 1.000000
967 5681.000000 1.000000
968 5683.000000 1.000000
969 5685.000000 1.000000
970 5687.000000 1.000000
971 5689.000000 1.000000
972 5691.000000 1.000000
973 5693.000000 1.000000
974 5695.000000 1.000000
975 5697.000000 1.000000
976 5699.000000 1.000000
977 5701.000000 1.000000
978 5703.000000 1.000000
979 5705.000000 0.995867
980 5707.000000 0.995867
981 5709.000000 0.995867
982 5711.000000 0.995867
983 5713.000000 0.995867
984 5715.000000 1.000000
985 5717.000000 1.000000
986 5719.000000 1.000000
987 5721.000000 1.000000
988 5723.000000 1.000000
989 5725.000000 1.000000
990 5727.000000 1.000000
991 5729.000000 1.000000
992 5731.000000 1.000000
993 5733.000000 1.000000
994 5735.000000 0.994403
995 5737.000000 0.994403
996 5739.000000 0.994403
997 5741.000000 0.994403
998 5743.000000 0.994403
999 5745.000000 0.994403
1000 5747.000000 1.000000
1001 5749.000000 1.000000
1002 5751.000000 0.995462
1003 5753.000000 0.995462
1004 5755.000000 0.995462
1005 5757.000000 0.995462
1006 5759.000000 0.992529
1007 5761.000000 0.992529
1008 5763.000000 0.997067
1009 5765.000000 0.997067
1010 5767.000000 0.995964
1011 5769.000000 0.995964
1012 5771.000000 0.998897
1013 5773.000000 0.998897
1014 5775.000000 0.998897
1015 5777.000000 0.998897
1016 5779.000000 0.998897
1017 5781.000000 1.000000
1018 5783.000000 1.000000
1019 5785.000000 1.000000
1020 5787.000000 1.000000
1021 5789.000000 1.000000
1022 5791.000000 1.000000
1023 5793.000000 1.000000
1024 5795.000000 1.000000
1025 5797.000000 1.000000
1026 5799.000000 1.000000
1027 5801.000000 1.000000
1028 5803.000000 1.000000
1029 5805.000000 1.000000
1030 5807.000000 1.000000
1031 5809.000000 1.000000
1032 5811.000000 1.000000
1033 5813.000000 1.000000
1034 5815.000000 1.000000
1035 5817.000000 1.000000
1036 5819.000000 1.000000
1037 5821.000000 1.000000
1038 5823.000000 1.000000
1039 5825.000000 0.989764
1040 5827.000000 0.989764
1041 5829.000000 0.985459
1042 5831.000000 0.985459
1043 5833.000000 0.985459
1044 5835.000000 0.995695
1045 5837.000000 0.995695
1046 5839.000000 0.995695
1047 5841.000000 1.000000
1048 5843.000000 1.000000
1049 5845.000000 0.997438
1050 5847.000000 0.997438
1051 5849.000000 0.997438
1052 5851.000000 0.997438
1053 5853.000000 0.997438
1054 5855.000000 0.997438
1055 5857.000000 1.000000
1056 5859.000000 0.998897
1057 5861.000000 0.998897
1058 5863.000000 0.998897
1059 5865.000000 0.998897
1060 5867.000000 0.998897
1061 5869.000000 0.998897
1062 5871.000000 0.998897
1063 5873.000000 0.998897
1064 5875.000000 1.000000
1065 5877.000000 1.000000
1066 5879.000000 1.000000
1067 5881.000000 1.000000
1068 5883.000000 1.000000
1069 5885.000000 1.000000
1070 5887.000000 1.000000
1071 5889.000000 0.992550
1072 5891.000000 0.992550
1073 5893.000000 0.992550
1074 5895.000000 0.992550
1075 5897.000000 0.992550
1076 5899.000000 0.992550
1077 5901.000000 1.000000
1078 5903.000000 1.000000
1079 5905.000000 1.000000
1080 5907.000000 1.000000
1081 5909.000000 1.000000
1082 5911.000000 1.000000
1083 5913.000000 1.000000
1084 5915.000000 1.000000
1085 5917.000000 1.000000
1086 5919.000000 0.990464
1087 5921.000000 0.990464
1088 5923.000000 0.983126
1089 5925.000000 0.977206
1090 5927.000000 0.977206
1091 5929.000000 0.977206
1092 5931.000000 0.977206
1093 5933.000000 0.986742
1094 5935.000000 0.994080
1095 5937.000000 0.994080
1096 5939.000000 0.994080
1097 5941.000000 0.994080
1098 5943.000000 0.994080
1099 5945.000000 0.994080
1100 5947.000000 1.000000
1101 5949.000000 1.000000
1102 5951.000000 1.000000
1103 5953.000000 1.000000
1104 5955.000000 1.000000
1105 5957.000000 1.000000
1106 5959.000000 1.000000
1107 5961.000000 0.997749
1108 5963.000000 0.992293
1109 5965.000000 0.992293
1110 5967.000000 0.992293
1111 5969.000000 0.992293
1112 5971.000000 0.992293
1113 5973.000000 0.994544
1114 5975.000000 1.000000
1115 5977.000000 1.000000
1116 5979.000000 1.000000
1117 5981.000000 1.000000
1118 5983.000000 1.000000
1119 5985.000000 1.000000
1120 5987.000000 1.000000
1121 5989.000000 1.000000
1122 5991.000000 1.000000
1123 5993.000000 1.000000
1124 5995.000000 1.000000
1125 5997.000000 1.000000
1126 5999.000000 1.000000
1127 6001.000000 1.000000
1128 6003.000000 1.000000
1129 6005.000000 1.000000
1130 6007.000000 1.000000
1131 6009.000000 1.000000
1132 6011.000000 1.000000
1133 6013.000000 1.000000
1134 6015.000000 1.000000
1135 6017.000000 1.000000
1136 6019.000000 0.982634
1137 6021.000000 0.982634
1138 6023.000000 0.982634
1139 6025.000000 0.982634
1140 6027.000000 0.982634
1141 6029.000000 0.982634
1142 6031.000000 0.982634
1143 6033.000000 0.988017
1144 6035.000000 1.000000
1145 6037.000000 1.000000
1146 6039.000000 1.000000
1147 6041.000000 1.000000
1148 6043.000000 1.000000
1149 6045.000000 1.000000
1150 6047.000000 1.000000
1151 6049.000000 1.000000
1152 6051.000000 1.000000
1153 6053.000000 1.000000
1154 6055.000000 1.000000
1155 6057.000000 1.000000
1156 6059.000000 1.000000
1157 6061.000000 1.000000
1158 6063.000000 1.000000
1159 6065.000000 1.000000
1160 6067.000000 1.000000
1161 6069.000000 1.000000
1162 6071.000000 1.000000
1163 6073.000000 1.000000
1164 6075.000000 1.000000
1165 6077.000000 1.000000
1166 6079.000000 0.982965
1167 6081.000000 0.975763
1168 6083.000000 0.975763
1169 6085.000000 0.975763
1170 6087.000000 0.975763
1171 6089.000000 0.975763
1172 6091.000000 0.992798
1173 6093.000000 0.992798
1174 6095.000000 1.000000
1175 6097.000000 1.000000
1176 6099.000000 1.000000
1177 6101.000000 1.000000
1178 6103.000000 1.000000
1179 6105.000000 1.000000
1180 6107.000000 1.000000
1181 6109.000000 1.000000
1182 6111.000000 1.000000
1183 6113.000000 1.000000
1184 6115.000000 1.000000
1185 6117.000000 1.000000
1186 6119.000000 1.000000
1187 6121.000000 1.000000
1188 6123.000000 0.995632
1189 6125.000000 0.995632
1190 6127.000000 0.995632
1191 6129.000000 0.995632
1192 6131.000000 0.995632
1193 6133.000000 1.000000
1194 6135.000000 1.000000
1195 6137.000000 1.000000
1196 6139.000000 1.000000
1197 6141.000000 1.000000
1198 6143.000000 1.000000
1199 6145.000000 1.000000
1200 6147.000000 1.000000
1201 6149.000000 1.000000
1202 6151.000000 1.000000
1203 6153.000000 1.000000
1204 6155.000000 1.000000
1205 6157.000000 1.000000
1206 6159.000000 1.000000
1207 6161.000000 1.000000
1208 6163.000000 1.000000
1209 6165.000000 1.000000
1210 6167.000000 1.000000
1211 6169.000000 1.000000
1212 6171.000000 1.000000
1213 6173.000000 1.000000
1214 6175.000000 1.000000
1215 6177.000000 1.000000
1216 6179.000000 1.000000
1217 6181.000000 1.000000
1218 6183.000000 1.000000
1219 6185.000000 1.000000
1220 6187.000000 1.000000
1221 6189.000000 1.000000
1222 6191.000000 1.000000
1223 6193.000000 1.000000
1224 6195.000000 1.000000
1225 6197.000000 1.000000
1226 6199.000000 1.000000
1227 6201.000000 1.000000
1228 6203.000000 1.000000
1229 6205.000000 1.000000
1230 6207.000000 1.000000
1231 6209.000000 1.000000
1232 6211.000000 1.000000
1233 6213.000000 1.000000
1234 6215.000000 1.000000
1235 6217.000000 1.000000
1236 6219.000000 1.000000
1237 6221.000000 0.993118
1238 6223.000000 0.993118
1239 6225.000000 0.993118
1240 6227.000000 0.993118
1241 6229.000000 0.993118
1242 6231.000000 1.000000
1243 6233.000000 1.000000
1244 6235.000000 1.000000
1245 6237.000000 1.000000
1246 6239.000000 1.000000
1247 6241.000000 0.997440
1248 6243.000000 0.997440
1249 6245.000000 0.997440
1250 6247.000000 0.997440
1251 6249.000000 0.997440
1252 6251.000000 1.000000
1253 6253.000000 1.000000
1254 6255.000000 1.000000
1255 6257.000000 1.000000
1256 6259.000000 0.994287
1257 6261.000000 0.994287
1258 6263.000000 0.994287
1259 6265.000000 0.994287
1260 6267.000000 0.994287
1261 6269.000000 0.994287
1262 6271.000000 1.000000
1263 6273.000000 1.000000
1264 6275.000000 0.994702
1265 6277.000000 0.994702
1266 6279.000000 0.994702
1267 6281.000000 0.994702
1268 6283.000000 0.994702
1269 6285.000000 0.994702
1270 6287.000000 1.000000
1271 6289.000000 0.992315
1272 6291.000000 0.987687
1273 6293.000000 0.987687
1274 6295.000000 0.987687
1275 6297.000000 0.987098
1276 6299.000000 0.994783
1277 6301.000000 0.994783
1278 6303.000000 0.999410
1279 6305.000000 0.999410
1280 6307.000000 0.999410
1281 6309.000000 1.000000
1282 6311.000000 0.994023
1283 6313.000000 0.994023
1284 6315.000000 0.994023
1285 6317.000000 0.994023
1286 6319.000000 0.994023
1287 6321.000000 0.994023
1288 6323.000000 1.000000
1289 6325.000000 1.000000
1290 6327.000000 1.000000
1291 6329.000000 1.000000
1292 6331.000000 1.000000
1293 6333.000000 1.000000
1294 6335.000000 1.000000
1295 6337.000000 1.000000
1296 6339.000000 1.000000
1297 6341.000000 1.000000
1298 6343.000000 1.000000
1299 6345.000000 0.975989
1300 6347.000000 0.975989
1301 6349.000000 0.975989
1302 6351.000000 0.975989
1303 6353.000000 0.975989
1304 6355.000000 0.975989
1305 6357.000000 1.000000
1306 6359.000000 1.000000
1307 6361.000000 1.000000
1308 6363.000000 1.000000
1309 6365.000000 0.995033
1310 6367.000000 0.995033
1311 6369.000000 0.995033
1312 6371.000000 0.995033
1313 6373.000000 0.995033
1314 6375.000000 1.000000
1315 6377.000000 1.000000
1316 6379.000000 1.000000
1317 6381.000000 1.000000
1318 6383.000000 1.000000
1319 6385.000000 1.000000
1320 6387.000000 1.000000
1321 6389.000000 1.000000
1322 6391.000000 1.000000
1323 6393.000000 1.000000
1324 6395.000000 1.000000
1325 6397.000000 1.000000
1326 6399.000000 1.000000
1327 6401.000000 1.000000
1328 6403.000000 0.996991
1329 6405.000000 0.996991
1330 6407.000000 0.991112
1331 6409.000000 0.991112
1332 6411.000000 0.991112
1333 6413.000000 0.991112
1334 6415.000000 0.994121
1335 6417.000000 0.994121
1336 6419.000000 0.994121
1337 6421.000000 1.000000
1338 6423.000000 1.000000
1339 6425.000000 1.000000
1340 6427.000000 1.000000
1341 6429.000000 1.000000
1342 6431.000000 1.000000
1343 6433.000000 1.000000
1344 6435.000000 1.000000
1345 6437.000000 1.000000
1346 6439.000000 1.000000
1347 6441.000000 1.000000
1348 6443.000000 1.000000
1349 6445.000000 1.000000
1350 6447.000000 1.000000
1351 6449.000000 1.000000
1352 6451.000000 1.000000
1353 6453.000000 1.000000
1354 6455.000000 1.000000
1355 6457.000000 1.000000
1356 6459.000000 1.000000
1357 6461.000000 1.000000
1358 6463.000000 1.000000
1359 6465.000000 1.000000
1360 6467.000000 1.000000
1361 6469.000000 1.000000
1362 6471.000000 1.000000
1363 6473.000000 1.000000
1364 6475.000000 1.000000
1365 6477.000000 1.000000
1366 6479.000000 1.000000
1367 6481.000000 1.000000
1368 6483.000000 1.000000
1369 6485.000000 1.000000
1370 6487.000000 1.000000
1371 6489.000000 1.000000
1372 6491.000000 0.989225
1373 6493.000000 0.989225
1374 6495.000000 0.989225
1375 6497.000000 0.989225
1376 6499.000000 0.982322
1377 6501.000000 0.993097
1378 6503.000000 0.993097
1379 6505.000000 0.993097
1380 6507.000000 0.993097
1381 6509.000000 0.993097
1382 6511.000000 1.000000
1383 6513.000000 1.000000
1384 6515.000000 1.000000
1385 6517.000000 1.000000
1386 6519.000000 1.000000
1387 6521.000000 1.000000
1388 6523.000000 1.000000
1389 6525.000000 1.000000
1390 6527.000000 1.000000
1391 6529.000000 1.000000
1392 6531.000000 1.000000
1393 6533.000000 0.997515
1394 6535.000000 0.997515
1395 6537.000000 0.996137
1396 6539.000000 0.996137
1397 6541.000000 0.996137
1398 6543.000000 0.996137
1399 6545.000000 0.996137
1400 6547.000000 1.000000
1401 6549.000000 1.000000
1402 6551.000000 1.000000
1403 6553.000000 1.000000
1404 6555.000000 1.000000
1405 6557.000000 0.992650
1406 6559.000000 0.992650
1407 6561.000000 0.992650
1408 6563.000000 0.992650
1409 6565.000000 0.992650
1410 6567.000000 0.992650
1411 6569.000000 0.992650
1412 6571.000000 1.000000
1413 6573.000000 1.000000
1414 6575.000000 1.000000
1415 6577.000000 1.000000
1416 6579.000000 1.000000
1417 6581.000000 1.000000
1418 6583.000000 1.000000
1419 6585.000000 1.000000
1420 6587.000000 1.000000
1421 6589.000000 1.000000
1422 6591.000000 1.000000
1423 6593.000000 0.994287
1424 6595.000000 0.994287
1425 6597.000000 0.994287
1426 6599.000000 0.994287
1427 6601.000000 0.994287
1428 6603.000000 0.994287
1429 6605.000000 1.000000
1430 6607.000000 1.000000
1431 6609.000000 0.992025
1432 6611.000000 0.992025
1433 6613.000000 0.992025
1434 6615.000000 0.992025
1435 6617.000000 0.986048
1436 6619.000000 0.986048
1437 6621.000000 0.986048
1438 6623.000000 0.994023
1439 6625.000000 0.994023
1440 6627.000000 0.994023
1441 6629.000000 0.994023
1442 6631.000000 1.000000
1443 6633.000000 1.000000
1444 6635.000000 1.000000
1445 6637.000000 1.000000
1446 6639.000000 1.000000
1447 6641.000000 0.999303
1448 6643.000000 0.999303
1449 6645.000000 0.999303
1450 6647.000000 0.999303
1451 6649.000000 0.999303
1452 6651.000000 0.999303
1453 6653.000000 1.000000
1454 6655.000000 1.000000
1455 6657.000000 0.997284
1456 6659.000000 0.997284
1457 6661.000000 0.997284
1458 6663.000000 0.997284
1459 6665.000000 0.997284
1460 6667.000000 0.997284
1461 6669.000000 1.000000
1462 6671.000000 1.000000
1463 6673.000000 1.000000
1464 6675.000000 1.000000
1465 6677.000000 1.000000
1466 6679.000000 1.000000
1467 6681.000000 1.000000
1468 6683.000000 0.990193
1469 6685.000000 0.990193
1470 6687.000000 0.990193
1471 6689.000000 0.990193
1472 6691.000000 0.990193
1473 6693.000000 0.994702
1474 6695.000000 0.994702
1475 6697.000000 0.994702
1476 6699.000000 0.994702
1477 6701.000000 0.994702
1478 6703.000000 1.000000
1479 6705.000000 1.000000
1480 6707.000000 1.000000
1481 6709.000000 1.000000
1482 6711.000000 1.000000
1483 6713.000000 1.000000
1484 6715.000000 1.000000
1485 6717.000000 1.000000
1486 6719.000000 1.000000
1487 6721.000000 0.990073
1488 6723.000000 0.990073
1489 6725.000000 0.990073
1490 6727.000000 0.990073
1491 6729.000000 0.990073
1492 6731.000000 0.972834
1493 6733.000000 0.982761
1494 6735.000000 0.982761
1495 6737.000000 0.982761
1496 6739.000000 0.982761
1497 6741.000000 1.000000
1498 6743.000000 1.000000
1499 6745.000000 1.000000
1500 6747.000000 1.000000
1501 6749.000000 1.000000
1502 6751.000000 1.000000
1503 6753.000000 1.000000
1504 6755.000000 1.000000
1505 6757.000000 1.000000
1506 6759.000000 1.000000
1507 6761.000000 1.000000
1508 6763.000000 1.000000
1509 6765.000000 1.000000
1510 6767.000000 1.000000
1511 6769.000000 1.000000
1512 6771.000000 1.000000
1513 6773.000000 1.000000
1514 6775.000000 1.000000
1515 6777.000000 1.000000
1516 6779.000000 1.000000
1517 6781.000000 1.000000
1518 6783.000000 1.000000
1519 6785.000000 1.000000
1520 6787.000000 1.000000
1521 6789.000000 1.000000
1522 6791.000000 1.000000
1523 6793.000000 1.000000
1524 6795.000000 1.000000
1525 6797.000000 1.000000
1526 6799.000000 1.000000
1527 6801.000000 0.999309
1528 6803.000000 0.999309
1529 6805.000000 0.999309
1530 6807.000000 0.999309
1531 6809.000000 0.999309
1532 6811.000000 0.999309
1533 6813.000000 1.000000
1534 6815.000000 1.000000
1535 6817.000000 1.000000
1536 6819.000000 1.000000
1537 6821.000000 1.000000
1538 6823.000000 1.000000
1539 6825.000000 1.000000
1540 6827.000000 1.000000
1541 6829.000000 1.000000
1542 6831.000000 1.000000
1543 6833.000000 1.000000
1544 6835.000000 1.000000
1545 6837.000000 1.000000
1546 6839.000000 1.000000
1547 6841.000000 1.000000
1548 6843.000000 1.000000
1549 6845.000000 1.000000
1550 6847.000000 1.000000
1551 6849.000000 1.000000
1552 6851.000000 1.000000
1553 6853.000000 1.000000
1554 6855.000000 1.000000
1555 6857.000000 1.000000
1556 6859.000000 1.000000
1557 6861.000000 1.000000
1558 6863.000000 0.995758
1559 6865.000000 0.992692
1560 6867.000000 0.992692
1561 6869.000000 0.992692
1562 6871.000000 0.992692
1563 6873.000000 0.996934
1564 6875.000000 1.000000
1565 6877.000000 1.000000
1566 6879.000000 1.000000
1567 6881.000000 1.000000
1568 6883.000000 1.000000
1569 6885.000000 1.000000
1570 6887.000000 1.000000
1571 6889.000000 1.000000
1572 6891.000000 1.000000
1573 6893.000000 1.000000
1574 6895.000000 1.000000
1575 6897.000000 1.000000
1576 6899.000000 1.000000
1577 6901.000000 0.992005
1578 6903.000000 0.992005
1579 6905.000000 0.992005
1580 6907.000000 0.992005
1581 6909.000000 0.987726
1582 6911.000000 0.987726
1583 6913.000000 0.987726
1584 6915.000000 0.995722
1585 6917.000000 0.995722
1586 6919.000000 1.000000
1587 6921.000000 1.000000
1588 6923.000000 1.000000
1589 6925.000000 1.000000
1590 6927.000000 1.000000
1591 6929.000000 1.000000
1592 6931.000000 1.000000
1593 6933.000000 1.000000
1594 6935.000000 1.000000
1595 6937.000000 0.996087
1596 6939.000000 0.996087
1597 6941.000000 0.996087
1598 6943.000000 0.996087
1599 6945.000000 0.996087
1600 6947.000000 1.000000
1601 6949.000000 1.000000
1602 6951.000000 1.000000
1603 6953.000000 1.000000
1604 6955.000000 0.998602
1605 6957.000000 0.998602
1606 6959.000000 0.998602
1607 6961.000000 0.998602
1608 6963.000000 1.000000
1609 6965.000000 1.000000
1610 6967.000000 1.000000
1611 6969.000000 1.000000
1612 6971.000000 1.000000
1613 6973.000000 0.995867
1614 6975.000000 0.995867
1615 6977.000000 0.995867
1616 6979.000000 0.995867
1617 6981.000000 0.988182
1618 6983.000000 0.988182
1619 6985.000000 0.988182
1620 6987.000000 0.988182
1621 6989.000000 0.988182
1622 6991.000000 0.988182
1623 6993.000000 0.988182
1624 6995.000000 0.995867
1625 6997.000000 0.995867
1626 6999.000000 0.995867
1627 7001.000000 0.995867
1628 7003.000000 0.995867
1629 7005.000000 0.995867
1630 7007.000000 0.995867
1631 7009.000000 0.970832
1632 7011.000000 0.970832
1633 7013.000000 0.970832
1634 7015.000000 0.970832
1635 7017.000000 0.970832
1636 7019.000000 0.967582
1637 7021.000000 0.967582
1638 7023.000000 0.967582
1639 7025.000000 0.967582
1640 7027.000000 0.948055
1641 7029.000000 0.948055
1642 7031.000000 0.948055
1643 7033.000000 0.948055
1644 7035.000000 0.948055
1645 7037.000000 0.948055
1646 7039.000000 0.948055
1647 7041.000000 0.948055
1648 7043.000000 0.948055
1649 7045.000000 0.948055
1650 7047.000000 0.948055
1651 7049.000000 0.948055
1652 7051.000000 0.948055
1653 7053.000000 0.948055
1654 7055.000000 0.944226
1655 7057.000000 0.925950
1656 7059.000000 0.925950
1657 7061.000000 0.925950
1658 7063.000000 0.925950
1659 7065.000000 0.925950
1660 7067.000000 0.925950
1661 7069.000000 0.925950
1662 7071.000000 0.925950
1663 7073.000000 0.925950
1664 7075.000000 0.925950
1665 7077.000000 0.925950
1666 7079.000000 0.925950
1667 7081.000000 0.912547
1668 7083.000000 0.897625
1669 7085.000000 0.897625
1670 7087.000000 0.897625
1671 7089.000000 0.897625
1672 7091.000000 0.897625
1673 7093.000000 0.897625
1674 7095.000000 0.897625
1675 7097.000000 0.894026
1676 7099.000000 0.894026
1677 7101.000000 0.894026
1678 7103.000000 0.894026
1679 7105.000000 0.894026
1680 7107.000000 0.894026
1681 7109.000000 0.897625
1682 7111.000000 0.897625
1683 7113.000000 0.891972
1684 7115.000000 0.869338
1685 7117.000000 0.869338
1686 7119.000000 0.868129
1687 7121.000000 0.853229
1688 7123.000000 0.853229
1689 7125.000000 0.853229
1690 7127.000000 0.853229
1691 7129.000000 0.853229
1692 7131.000000 0.853229
1693 7133.000000 0.853229
1694 7135.000000 0.844451
1695 7137.000000 0.844451
1696 7139.000000 0.844451
1697 7141.000000 0.844451
1698 7143.000000 0.844451
1699 7145.000000 0.844451
1700 7147.000000 0.844451
1701 7149.000000 0.844451
1702 7151.000000 0.844451
1703 7153.000000 0.844451
1704 7155.000000 0.844451
1705 7157.000000 0.844451
1706 7159.000000 0.844451
1707 7161.000000 0.844451
1708 7163.000000 0.838643
1709 7165.000000 0.808746
1710 7167.000000 0.808746
1711 7169.000000 0.808746
1712 7171.000000 0.808746
1713 7173.000000 0.808746
1714 7175.000000 0.808746
1715 7177.000000 0.796603
1716 7179.000000 0.793462
1717 7181.000000 0.793462
1718 7183.000000 0.793462
1719 7185.000000 0.793462
1720 7187.000000 0.793462
1721 7189.000000 0.793462
1722 7191.000000 0.805605
1723 7193.000000 0.803254
1724 7195.000000 0.803254
1725 7197.000000 0.803254
1726 7199.000000 0.788100
1727 7201.000000 0.788100
1728 7203.000000 0.760508
1729 7205.000000 0.760508
1730 7207.000000 0.760508
1731 7209.000000 0.760508
1732 7211.000000 0.760508
1733 7213.000000 0.773075
1734 7215.000000 0.773075
1735 7217.000000 0.773075
1736 7219.000000 0.773075
1737 7221.000000 0.773075
1738 7223.000000 0.754251
1739 7225.000000 0.754251
1740 7227.000000 0.754251
1741 7229.000000 0.754251
1742 7231.000000 0.754251
1743 7233.000000 0.754251
1744 7235.000000 0.754251
1745 7237.000000 0.754251
1746 7239.000000 0.754251
1747 7241.000000 0.754251
1748 7243.000000 0.753278
1749 7245.000000 0.753278
1750 7247.000000 0.753278
1751 7249.000000 0.753278
1752 7251.000000 0.753278
1753 7253.000000 0.753278
1754 7255.000000 0.753278
1755 7257.000000 0.754251
1756 7259.000000 0.754251
1757 7261.000000 0.754251
1758 7263.000000 0.753399
1759 7265.000000 0.753399
1760 7267.000000 0.743163
1761 7269.000000 0.725988
1762 7271.000000 0.725988
1763 7273.000000 0.725988
1764 7275.000000 0.725988
1765 7277.000000 0.725988
1766 7279.000000 0.738118
1767 7281.000000 0.732818
1768 7283.000000 0.732818
1769 7285.000000 0.731767
1770 7287.000000 0.731767
1771 7289.000000 0.731767
1772 7291.000000 0.731767
1773 7293.000000 0.731767
1774 7295.000000 0.731767
1775 7297.000000 0.731767
1776 7299.000000 0.731767
1777 7301.000000 0.731767
1778 7303.000000 0.731767
1779 7305.000000 0.714732
1780 7307.000000 0.714732
1781 7309.000000 0.714732
1782 7311.000000 0.701273
1783 7313.000000 0.701273
1784 7315.000000 0.701273
1785 7317.000000 0.718307
1786 7319.000000 0.718307
1787 7321.000000 0.718307
1788 7323.000000 0.719518
1789 7325.000000 0.719518
1790 7327.000000 0.712580
1791 7329.000000 0.685410
1792 7331.000000 0.685410
1793 7333.000000 0.685410
1794 7335.000000 0.678060
1795 7337.000000 0.678060
1796 7339.000000 0.674526
1797 7341.000000 0.674526
1798 7343.000000 0.674526
1799 7345.000000 0.674526
1800 7347.000000 0.680731
1801 7349.000000 0.680731
1802 7351.000000 0.668385
1803 7353.000000 0.667652
1804 7355.000000 0.667652
1805 7357.000000 0.667652
1806 7359.000000 0.667652
1807 7361.000000 0.667652
1808 7363.000000 0.667652
1809 7365.000000 0.667652
1810 7367.000000 0.667652
1811 7369.000000 0.667652
1812 7371.000000 0.667652
1813 7373.000000 0.663447
1814 7375.000000 0.658614
1815 7377.000000 0.658614
1816 7379.000000 0.649283
1817 7381.000000 0.649283
1818 7383.000000 0.649283
1819 7385.000000 0.649283
1820 7387.000000 0.644727
1821 7389.000000 0.638804
1822 7391.000000 0.644436
1823 7393.000000 0.648134
1824 7395.000000 0.648134
1825 7397.000000 0.648134
1826 7399.000000 0.648134
1827 7401.000000 0.654057
1828 7403.000000 0.652641
1829 7405.000000 0.652641
1830 7407.000000 0.652641
1831 7409.000000 0.652641
1832 7411.000000 0.652641
1833 7413.000000 0.652641
1834 7415.000000 0.652641
1835 7417.000000 0.652641
1836 7419.000000 0.652641
1837 7421.000000 0.652641
1838 7423.000000 0.652641
1839 7425.000000 0.652641
1840 7427.000000 0.652641
1841 7429.000000 0.650550
1842 7431.000000 0.650550
1843 7433.000000 0.650550
1844 7435.000000 0.650550
1845 7437.000000 0.650550
1846 7439.000000 0.642284
1847 7441.000000 0.642284
1848 7443.000000 0.642284
1849 7445.000000 0.642284
1850 7447.000000 0.642284
1851 7449.000000 0.642284
1852 7451.000000 0.642284
1853 7453.000000 0.642284
1854 7455.000000 0.635588
1855 7457.000000 0.633028
1856 7459.000000 0.633028
1857 7461.000000 0.633028
1858 7463.000000 0.633028
1859 7465.000000 0.633028
1860 7467.000000 0.623441
1861 7469.000000 0.623441
1862 7471.000000 0.623441
1863 7473.000000 0.616598
1864 7475.000000 0.616598
1865 7477.000000 0.616598
1866 7479.000000 0.616598
1867 7481.000000 0.616598
1868 7483.000000 0.616598
1869 7485.000000 0.616598
1870 7487.000000 0.616598
1871 7489.000000 0.615736
1872 7491.000000 0.615736
1873 7493.000000 0.615736
1874 7495.000000 0.615736
1875 7497.000000 0.615736
1876 7499.000000 0.604367
1877 7501.000000 0.000000
