1 3749.000000 37.138635
2 3751.000000 52.587444
3 3753.000000 65.820461
4 3755.000000 69.485765
5 3757.000000 61.999279
6 3759.000000 49.758904
7 3761.000000 44.425158
8 3763.000000 43.295227
9 3765.000000 42.038580
10 3767.000000 44.304284
11 3769.000000 46.645106
12 3771.000000 45.388437
13 3773.000000 41.596659
14 3775.000000 37.532848
15 3777.000000 40.782283
16 3779.000000 47.471193
17 3781.000000 51.443085
18 3783.000000 52.294464
19 3785.000000 50.211128
20 3787.000000 47.849720
21 3789.000000 47.706460
22 3791.000000 49.919730
23 3793.000000 48.036928
24 3795.000000 47.851852
25 3797.000000 52.661567
26 3799.000000 53.675864
27 3801.000000 54.653864
28 3803.000000 59.618964
29 3805.000000 62.994561
30 3807.000000 66.962270
31 3809.000000 65.415946
32 3811.000000 65.285501
33 3813.000000 59.924448
34 3815.000000 56.459964
35 3817.000000 54.902700
36 3819.000000 54.596524
37 3821.000000 50.869363
38 3823.000000 47.660082
39 3825.000000 48.393900
40 3827.000000 50.100127
41 3829.000000 55.795261
42 3831.000000 61.553240
43 3833.000000 62.328382
44 3835.000000 62.736160
45 3837.000000 62.811350
46 3839.000000 61.787282
47 3841.000000 59.485321
48 3843.000000 54.959047
49 3845.000000 52.254809
50 3847.000000 51.596298
51 3849.000000 48.937245
52 3851.000000 46.431442
53 3853.000000 45.167138
54 3855.000000 43.450803
55 3857.000000 40.574619
56 3859.000000 38.745723
57 3861.000000 37.622862
58 3863.000000 38.203385
59 3865.000000 39.941106
60 3867.000000 43.484045
61 3869.000000 48.780010
62 3871.000000 54.581313
63 3873.000000 57.086681
64 3875.000000 57.362044
65 3877.000000 58.557365
66 3879.000000 58.732028
67 3881.000000 57.411779
68 3883.000000 55.507452
69 3885.000000 53.988622
70 3887.000000 54.370807
71 3889.000000 56.992839
72 3891.000000 60.098893
73 3893.000000 61.141750
74 3895.000000 61.952798
75 3897.000000 59.497890
76 3899.000000 56.998467
77 3901.000000 56.790256
78 3903.000000 58.427165
79 3905.000000 58.552497
80 3907.000000 55.592808
81 3909.000000 53.310297
82 3911.000000 53.053136
83 3913.000000 52.696165
84 3915.000000 52.365400
85 3917.000000 56.317101
86 3919.000000 59.322695
87 3921.000000 61.610966
88 3923.000000 64.373591
89 3925.000000 66.035959
90 3927.000000 66.111625
91 3929.000000 66.489478
92 3931.000000 64.737911
93 3933.000000 64.076375
94 3935.000000 67.149157
95 3937.000000 72.625889
96 3939.000000 75.749068
97 3941.000000 75.092181
98 3943.000000 73.785360
99 3945.000000 71.958530
100 3947.000000 68.269387
101 3949.000000 65.512145
102 3951.000000 63.035641
103 3953.000000 60.135118
104 3955.000000 53.118370
105 3957.000000 45.657366
106 3959.000000 37.380953
107 3961.000000 33.533172
108 3963.000000 34.446716
109 3965.000000 40.888793
110 3967.000000 47.964601
111 3969.000000 53.421360
112 3971.000000 58.606169
113 3973.000000 63.889886
114 3975.000000 68.096957
115 3977.000000 71.575505
116 3979.000000 74.437533
117 3981.000000 74.996499
118 3983.000000 73.511741
119 3985.000000 71.715637
120 3987.000000 66.375077
121 3989.000000 59.327041
122 3991.000000 51.583210
123 3993.000000 42.674615
124 3995.000000 37.454878
125 3997.000000 37.171568
126 3999.000000 40.242110
127 4001.000000 47.957359
128 4003.000000 56.699372
129 4005.000000 65.482923
130 4007.000000 74.084584
131 4009.000000 77.553141
132 4011.000000 79.314734
133 4013.000000 80.712367
134 4015.000000 83.165851
135 4017.000000 87.059913
136 4019.000000 90.007531
137 4021.000000 90.453421
138 4023.000000 89.936359
139 4025.000000 90.290069
140 4027.000000 91.116476
141 4029.000000 93.763591
142 4031.000000 93.959025
143 4033.000000 92.409560
144 4035.000000 92.930500
145 4037.000000 94.131697
146 4039.000000 94.945912
147 4041.000000 97.916497
148 4043.000000 99.413022
149 4045.000000 101.278779
150 4047.000000 101.494662
151 4049.000000 102.226054
152 4051.000000 99.971696
153 4053.000000 98.648173
154 4055.000000 99.083120
155 4057.000000 97.378663
156 4059.000000 92.639663
157 4061.000000 90.388105
158 4063.000000 93.324437
159 4065.000000 98.157753
160 4067.000000 101.744389
161 4069.000000 100.934117
162 4071.000000 96.416074
163 4073.000000 92.620457
164 4075.000000 90.283498
165 4077.000000 94.245506
166 4079.000000 97.247031
167 4081.000000 97.790340
168 4083.000000 95.708508
169 4085.000000 93.753971
170 4087.000000 93.094013
171 4089.000000 92.081521
172 4091.000000 90.466230
173 4093.000000 88.882337
174 4095.000000 90.256388
175 4097.000000 92.750657
176 4099.000000 93.240293
177 4101.000000 92.398851
178 4103.000000 90.520430
179 4105.000000 90.545788
180 4107.000000 92.613226
181 4109.000000 93.966913
182 4111.000000 96.303277
183 4113.000000 99.118826
184 4115.000000 100.790095
185 4117.000000 103.203857
186 4119.000000 103.100762
187 4121.000000 100.295795
188 4123.000000 94.939701
189 4125.000000 89.312543
190 4127.000000 84.977390
191 4129.000000 82.286117
192 4131.000000 82.331336
193 4133.000000 83.882494
194 4135.000000 87.208099
195 4137.000000 90.747368
196 4139.000000 92.832122
197 4141.000000 94.853449
198 4143.000000 96.392872
199 4145.000000 97.872429
200 4147.000000 98.741064
201 4149.000000 96.819618
202 4151.000000 97.056783
203 4153.000000 98.275622
204 4155.000000 98.155496
205 4157.000000 95.545888
206 4159.000000 93.310140
207 4161.000000 92.011031
208 4163.000000 94.308201
209 4165.000000 99.034257
210 4167.000000 100.868836
211 4169.000000 98.879965
212 4171.000000 93.761299
213 4173.000000 93.195023
214 4175.000000 92.665211
215 4177.000000 94.625249
216 4179.000000 94.481572
217 4181.000000 93.119845
218 4183.000000 92.991428
219 4185.000000 93.717927
220 4187.000000 93.896150
221 4189.000000 98.263274
222 4191.000000 101.791822
223 4193.000000 101.717539
224 4195.000000 100.133747
225 4197.000000 97.697275
226 4199.000000 95.194095
227 4201.000000 92.171724
228 4203.000000 90.928316
229 4205.000000 90.035648
230 4207.000000 90.632423
231 4209.000000 93.597245
232 4211.000000 94.339900
233 4213.000000 96.045970
234 4215.000000 95.727826
235 4217.000000 96.791030
236 4219.000000 97.828779
237 4221.000000 98.026710
238 4223.000000 98.275605
239 4225.000000 97.044883
240 4227.000000 93.479838
241 4229.000000 90.430745
242 4231.000000 90.096036
243 4233.000000 93.749905
244 4235.000000 97.212495
245 4237.000000 100.919157
246 4239.000000 103.380155
247 4241.000000 99.994038
248 4243.000000 98.348064
249 4245.000000 99.372888
250 4247.000000 100.689177
251 4249.000000 103.028466
252 4251.000000 100.991579
253 4253.000000 94.707035
254 4255.000000 88.311409
255 4257.000000 85.033552
256 4259.000000 90.277349
257 4261.000000 97.182437
258 4263.000000 99.184695
259 4265.000000 97.886799
260 4267.000000 97.497922
261 4269.000000 98.281452
262 4271.000000 100.770785
263 4273.000000 103.777119
264 4275.000000 105.546523
265 4277.000000 102.946699
266 4279.000000 100.651238
267 4281.000000 98.311962
268 4283.000000 98.038935
269 4285.000000 99.218513
270 4287.000000 99.281040
271 4289.000000 99.160529
272 4291.000000 99.830785
273 4293.000000 103.153599
274 4295.000000 105.837212
275 4297.000000 105.778750
276 4299.000000 99.958957
277 4301.000000 93.675962
278 4303.000000 90.637473
279 4305.000000 93.376874
280 4307.000000 98.141008
281 4309.000000 100.533535
282 4311.000000 101.264294
283 4313.000000 101.174636
284 4315.000000 99.015751
285 4317.000000 96.191396
286 4319.000000 93.194842
287 4321.000000 93.776339
288 4323.000000 94.802511
289 4325.000000 94.228293
290 4327.000000 90.475887
291 4329.000000 84.882079
292 4331.000000 79.635101
293 4333.000000 77.654167
294 4335.000000 77.200573
295 4337.000000 76.855656
296 4339.000000 77.072193
297 4341.000000 80.923466
298 4343.000000 89.515549
299 4345.000000 99.533066
300 4347.000000 109.187547
301 4349.000000 114.452713
302 4351.000000 110.860260
303 4353.000000 105.114731
304 4355.000000 97.804710
305 4357.000000 98.482559
306 4359.000000 104.047035
307 4361.000000 111.789963
308 4363.000000 112.332245
309 4365.000000 109.826660
310 4367.000000 105.542915
311 4369.000000 101.789856
312 4371.000000 100.274940
313 4373.000000 102.220779
314 4375.000000 105.174198
315 4377.000000 107.883252
316 4379.000000 108.898304
317 4381.000000 108.367740
318 4383.000000 105.043064
319 4385.000000 105.720258
320 4387.000000 109.438017
321 4389.000000 113.376128
322 4391.000000 116.425713
323 4393.000000 118.335701
324 4395.000000 119.346895
325 4397.000000 119.222942
326 4399.000000 117.613472
327 4401.000000 113.889961
328 4403.000000 110.611786
329 4405.000000 109.792946
330 4407.000000 109.849960
331 4409.000000 111.266541
332 4411.000000 107.660347
333 4413.000000 100.881760
334 4415.000000 95.562424
335 4417.000000 97.168694
336 4419.000000 100.773110
337 4421.000000 103.710080
338 4423.000000 107.004102
339 4425.000000 108.460237
340 4427.000000 112.045017
341 4429.000000 113.813486
342 4431.000000 113.734965
343 4433.000000 111.010045
344 4435.000000 105.841490
345 4437.000000 104.311035
346 4439.000000 107.709053
347 4441.000000 113.010742
348 4443.000000 117.660866
349 4445.000000 116.233704
350 4447.000000 115.477547
351 4449.000000 117.118126
352 4451.000000 118.316864
353 4453.000000 118.796349
354 4455.000000 118.393051
355 4457.000000 118.381958
356 4459.000000 119.009140
357 4461.000000 117.967781
358 4463.000000 117.065239
359 4465.000000 114.981842
360 4467.000000 115.212646
361 4469.000000 117.714211
362 4471.000000 118.759918
363 4473.000000 118.569199
364 4475.000000 119.317856
365 4477.000000 121.103088
366 4479.000000 123.991890
367 4481.000000 124.539062
368 4483.000000 121.204613
369 4485.000000 116.654144
370 4487.000000 112.204094
371 4489.000000 109.992859
372 4491.000000 110.107368
373 4493.000000 111.950302
374 4495.000000 115.234734
375 4497.000000 116.891472
376 4499.000000 117.758690
377 4501.000000 119.025673
378 4503.000000 122.221474
379 4505.000000 125.945335
380 4507.000000 129.038376
381 4509.000000 127.645935
382 4511.000000 124.430527
383 4513.000000 123.237526
384 4515.000000 124.740303
385 4517.000000 127.345970
386 4519.000000 127.637558
387 4521.000000 125.640488
388 4523.000000 122.646667
389 4525.000000 121.785408
390 4527.000000 122.327034
391 4529.000000 124.406594
392 4531.000000 127.910329
393 4533.000000 131.071440
394 4535.000000 133.596887
395 4537.000000 135.089639
396 4539.000000 136.569908
397 4541.000000 135.577393
398 4543.000000 133.815369
399 4545.000000 130.441162
400 4547.000000 129.055145
401 4549.000000 128.110901
402 4551.000000 129.160812
403 4553.000000 129.826965
404 4555.000000 128.286667
405 4557.000000 121.811806
406 4559.000000 117.131393
407 4561.000000 114.834099
408 4563.000000 114.922987
409 4565.000000 116.061558
410 4567.000000 119.635118
411 4569.000000 123.457191
412 4571.000000 126.909168
413 4573.000000 127.681426
414 4575.000000 126.927480
415 4577.000000 125.269856
416 4579.000000 123.222570
417 4581.000000 121.654901
418 4583.000000 121.416489
419 4585.000000 122.126595
420 4587.000000 124.382408
421 4589.000000 128.161407
422 4591.000000 131.640350
423 4593.000000 131.714096
424 4595.000000 131.018890
425 4597.000000 129.458939
426 4599.000000 129.538818
427 4601.000000 130.967072
428 4603.000000 132.224564
429 4605.000000 131.859436
430 4607.000000 132.375656
431 4609.000000 131.006775
432 4611.000000 128.384750
433 4613.000000 125.291206
434 4615.000000 124.667946
435 4617.000000 125.817253
436 4619.000000 128.038132
437 4621.000000 128.497894
438 4623.000000 129.198349
439 4625.000000 128.576035
440 4627.000000 127.009224
441 4629.000000 125.848724
442 4631.000000 126.133965
443 4633.000000 126.364586
444 4635.000000 127.607002
445 4637.000000 129.826767
446 4639.000000 132.727509
447 4641.000000 135.077682
448 4643.000000 136.803940
449 4645.000000 137.444839
450 4647.000000 137.018295
451 4649.000000 136.986816
452 4651.000000 137.498199
453 4653.000000 137.463760
454 4655.000000 137.544540
455 4657.000000 138.029694
456 4659.000000 136.547562
457 4661.000000 137.093124
458 4663.000000 137.142471
459 4665.000000 136.191895
460 4667.000000 133.308838
461 4669.000000 131.544693
462 4671.000000 129.549530
463 4673.000000 127.891022
464 4675.000000 128.018250
465 4677.000000 126.725189
466 4679.000000 124.591827
467 4681.000000 124.403938
468 4683.000000 125.922661
469 4685.000000 128.391434
470 4687.000000 130.670990
471 4689.000000 132.111435
472 4691.000000 134.993423
473 4693.000000 136.085907
474 4695.000000 133.697388
475 4697.000000 128.141708
476 4699.000000 123.149963
477 4701.000000 120.616982
478 4703.000000 122.271126
479 4705.000000 126.574242
480 4707.000000 129.891159
481 4709.000000 130.275375
482 4711.000000 129.106140
483 4713.000000 128.107498
484 4715.000000 128.738556
485 4717.000000 130.286972
486 4719.000000 130.704514
487 4721.000000 130.410934
488 4723.000000 130.240860
489 4725.000000 130.534973
490 4727.000000 130.592331
491 4729.000000 129.764157
492 4731.000000 127.825153
493 4733.000000 125.525177
494 4735.000000 124.032461
495 4737.000000 124.434174
496 4739.000000 124.243805
497 4741.000000 125.220352
498 4743.000000 126.554848
499 4745.000000 127.322365
500 4747.000000 128.286911
501 4749.000000 130.847031
502 4751.000000 133.766693
503 4753.000000 136.705490
504 4755.000000 138.354691
505 4757.000000 136.535843
506 4759.000000 134.465347
507 4761.000000 130.152374
508 4763.000000 127.012939
509 4765.000000 126.403252
510 4767.000000 127.850410
511 4769.000000 130.811188
512 4771.000000 132.248093
513 4773.000000 133.553436
514 4775.000000 134.633453
515 4777.000000 135.519867
516 4779.000000 136.641255
517 4781.000000 137.013903
518 4783.000000 136.979228
519 4785.000000 135.802062
520 4787.000000 132.841196
521 4789.000000 132.099501
522 4791.000000 132.764644
523 4793.000000 132.023499
524 4795.000000 130.139557
525 4797.000000 127.241150
526 4799.000000 126.016991
527 4801.000000 127.544220
528 4803.000000 129.955414
529 4805.000000 132.817734
530 4807.000000 134.776215
531 4809.000000 136.701767
532 4811.000000 138.219086
533 4813.000000 137.217346
534 4815.000000 134.592834
535 4817.000000 133.367188
536 4819.000000 131.987152
537 4821.000000 131.641937
538 4823.000000 132.190649
539 4825.000000 134.107430
540 4827.000000 137.653038
541 4829.000000 140.075909
542 4831.000000 139.822013
543 4833.000000 138.185507
544 4835.000000 137.621387
545 4837.000000 137.614777
546 4839.000000 136.230118
547 4841.000000 135.224854
548 4843.000000 134.704102
549 4845.000000 136.195267
550 4847.000000 137.789352
551 4849.000000 139.364365
552 4851.000000 139.994186
553 4853.000000 140.192642
554 4855.000000 138.697205
555 4857.000000 136.735535
556 4859.000000 136.038361
557 4861.000000 135.828827
558 4863.000000 134.862778
559 4865.000000 133.971512
560 4867.000000 134.020172
561 4869.000000 134.383423
562 4871.000000 134.406540
563 4873.000000 132.953125
564 4875.000000 131.589233
565 4877.000000 131.043182
566 4879.000000 131.955292
567 4881.000000 133.303650
568 4883.000000 132.105148
569 4885.000000 130.291138
570 4887.000000 127.638412
571 4889.000000 123.526695
572 4891.000000 123.184456
573 4893.000000 128.887722
574 4895.000000 134.885167
575 4897.000000 135.392730
576 4899.000000 128.922589
577 4901.000000 123.729752
578 4903.000000 121.159491
579 4905.000000 120.692539
580 4907.000000 120.966057
581 4909.000000 123.771735
582 4911.000000 128.187676
583 4913.000000 130.388321
584 4915.000000 131.790756
585 4917.000000 129.955551
586 4919.000000 127.999847
587 4921.000000 125.599609
588 4923.000000 123.818130
589 4925.000000 124.284355
590 4927.000000 128.139038
591 4929.000000 134.784912
592 4931.000000 140.192810
593 4933.000000 140.304855
594 4935.000000 138.659332
595 4937.000000 137.708755
596 4939.000000 137.236786
597 4941.000000 136.261703
598 4943.000000 135.112228
599 4945.000000 134.079834
600 4947.000000 133.956390
601 4949.000000 134.555527
602 4951.000000 131.776348
603 4953.000000 126.920960
604 4955.000000 123.503937
605 4957.000000 124.805422
606 4959.000000 128.086349
607 4961.000000 133.729192
608 4963.000000 138.911974
609 4965.000000 139.633134
610 4967.000000 138.089588
611 4969.000000 134.669281
612 4971.000000 131.577652
613 4973.000000 130.580734
614 4975.000000 133.074677
615 4977.000000 136.495575
616 4979.000000 139.690933
617 4981.000000 141.891830
618 4983.000000 141.935638
619 4985.000000 142.388733
620 4987.000000 140.971954
621 4989.000000 137.655182
622 4991.000000 135.039139
623 4993.000000 134.414963
624 4995.000000 136.484161
625 4997.000000 137.708618
626 4999.000000 136.543137
627 5001.000000 134.425339
628 5003.000000 133.134308
629 5005.000000 134.339050
630 5007.000000 136.010498
631 5009.000000 137.337479
632 5011.000000 137.048813
633 5013.000000 133.489471
634 5015.000000 128.749496
635 5017.000000 125.160896
636 5019.000000 124.287109
637 5021.000000 126.075119
638 5023.000000 129.766220
639 5025.000000 132.398209
640 5027.000000 132.827042
641 5029.000000 133.211060
642 5031.000000 133.054712
643 5033.000000 131.960106
644 5035.000000 129.159580
645 5037.000000 127.227572
646 5039.000000 129.070766
647 5041.000000 133.206365
648 5043.000000 134.074600
649 5045.000000 131.732361
650 5047.000000 126.972382
651 5049.000000 123.068237
652 5051.000000 120.736862
653 5053.000000 121.640945
654 5055.000000 122.298218
655 5057.000000 123.300665
656 5059.000000 124.984959
657 5061.000000 126.525588
658 5063.000000 129.156068
659 5065.000000 131.545222
660 5067.000000 133.340049
661 5069.000000 132.782013
662 5071.000000 129.472687
663 5073.000000 125.684692
664 5075.000000 122.522026
665 5077.000000 122.333038
666 5079.000000 126.368782
667 5081.000000 131.126587
668 5083.000000 132.133041
669 5085.000000 130.237442
670 5087.000000 129.371658
671 5089.000000 130.369598
672 5091.000000 134.047775
673 5093.000000 136.600983
674 5095.000000 138.027649
675 5097.000000 138.142395
676 5099.000000 135.237747
677 5101.000000 132.054169
678 5103.000000 129.745026
679 5105.000000 129.431641
680 5107.000000 130.079163
681 5109.000000 130.491547
682 5111.000000 129.903671
683 5113.000000 127.247871
684 5115.000000 124.068943
685 5117.000000 122.610356
686 5119.000000 123.901566
687 5121.000000 126.852089
688 5123.000000 129.916924
689 5125.000000 132.607122
690 5127.000000 134.256851
691 5129.000000 134.127960
692 5131.000000 132.166443
693 5133.000000 129.033600
694 5135.000000 127.391479
695 5137.000000 127.857506
696 5139.000000 128.284533
697 5141.000000 128.214324
698 5143.000000 127.031032
699 5145.000000 126.550388
700 5147.000000 127.910394
701 5149.000000 130.415848
702 5151.000000 133.059082
703 5153.000000 134.483978
704 5155.000000 133.720627
705 5157.000000 130.798294
706 5159.000000 127.149338
707 5161.000000 123.904579
708 5163.000000 122.400764
709 5165.000000 123.253714
710 5167.000000 125.964378
711 5169.000000 128.124480
712 5171.000000 128.500502
713 5173.000000 127.472507
714 5175.000000 125.932452
715 5177.000000 125.056725
716 5179.000000 124.188690
717 5181.000000 123.514481
718 5183.000000 122.923065
719 5185.000000 122.497635
720 5187.000000 122.674500
721 5189.000000 123.420746
722 5191.000000 125.862006
723 5193.000000 128.932459
724 5195.000000 130.766403
725 5197.000000 129.446915
726 5199.000000 124.646912
727 5201.000000 116.523233
728 5203.000000 108.435566
729 5205.000000 102.326942
730 5207.000000 100.346544
731 5209.000000 102.470844
732 5211.000000 108.755745
733 5213.000000 115.441185
734 5215.000000 117.748642
735 5217.000000 114.475273
736 5219.000000 110.058083
737 5221.000000 109.714745
738 5223.000000 114.550941
739 5225.000000 120.096718
740 5227.000000 122.759872
741 5229.000000 122.878067
742 5231.000000 124.068237
743 5233.000000 127.166502
744 5235.000000 130.315172
745 5237.000000 131.166604
746 5239.000000 128.764457
747 5241.000000 124.039969
748 5243.000000 119.766708
749 5245.000000 118.793083
750 5247.000000 121.850639
751 5249.000000 126.012550
752 5251.000000 129.360962
753 5253.000000 131.329041
754 5255.000000 133.298828
755 5257.000000 134.682175
756 5259.000000 132.736771
757 5261.000000 128.277374
758 5263.000000 124.674545
759 5265.000000 124.480606
760 5267.000000 127.186343
761 5269.000000 130.218226
762 5271.000000 132.442806
763 5273.000000 134.570428
764 5275.000000 137.539294
765 5277.000000 139.594360
766 5279.000000 139.644287
767 5281.000000 139.015198
768 5283.000000 136.969681
769 5285.000000 134.373489
770 5287.000000 132.657928
771 5289.000000 132.668030
772 5291.000000 134.420731
773 5293.000000 136.869522
774 5295.000000 138.056885
775 5297.000000 135.690552
776 5299.000000 129.713531
777 5301.000000 122.362801
778 5303.000000 117.143280
779 5305.000000 115.033516
780 5307.000000 116.156174
781 5309.000000 120.651299
782 5311.000000 126.033173
783 5313.000000 131.223434
784 5315.000000 135.155930
785 5317.000000 136.454773
786 5319.000000 136.168915
787 5321.000000 137.166336
788 5323.000000 140.475159
789 5325.000000 143.763077
790 5327.000000 145.999542
791 5329.000000 146.475571
792 5331.000000 143.535339
793 5333.000000 139.234177
794 5335.000000 135.681335
795 5337.000000 135.024689
796 5339.000000 138.007736
797 5341.000000 142.182510
798 5343.000000 145.381973
799 5345.000000 147.293594
800 5347.000000 148.193542
801 5349.000000 147.780533
802 5351.000000 146.852188
803 5353.000000 145.317932
804 5355.000000 144.136566
805 5357.000000 142.909439
806 5359.000000 141.113754
807 5361.000000 137.712296
808 5363.000000 132.568481
809 5365.000000 128.040100
810 5367.000000 127.657143
811 5369.000000 132.153290
812 5371.000000 138.090881
813 5373.000000 141.646805
814 5375.000000 141.779587
815 5377.000000 139.650787
816 5379.000000 138.320312
817 5381.000000 138.634445
818 5383.000000 139.376740
819 5385.000000 139.866379
820 5387.000000 140.906021
821 5389.000000 143.631287
822 5391.000000 147.207642
823 5393.000000 150.116425
824 5395.000000 151.384720
825 5397.000000 150.514404
826 5399.000000 147.764389
827 5401.000000 144.479141
828 5403.000000 141.353424
829 5405.000000 138.371109
830 5407.000000 135.689987
831 5409.000000 135.046829
832 5411.000000 137.593979
833 5413.000000 141.507980
834 5415.000000 144.711960
835 5417.000000 145.598633
836 5419.000000 144.855392
837 5421.000000 144.063431
838 5423.000000 143.842545
839 5425.000000 143.338135
840 5427.000000 141.655426
841 5429.000000 139.102707
842 5431.000000 136.430450
843 5433.000000 134.364197
844 5435.000000 133.885590
845 5437.000000 134.790894
846 5439.000000 135.001465
847 5441.000000 133.256332
848 5443.000000 131.181503
849 5445.000000 129.960510
850 5447.000000 131.056076
851 5449.000000 134.136398
852 5451.000000 138.023605
853 5453.000000 141.834900
854 5455.000000 144.479523
855 5457.000000 144.611755
856 5459.000000 143.447662
857 5461.000000 142.351196
858 5463.000000 141.478653
859 5465.000000 141.150375
860 5467.000000 139.499863
861 5469.000000 137.332214
862 5471.000000 136.054367
863 5473.000000 136.705719
864 5475.000000 139.614471
865 5477.000000 143.507797
866 5479.000000 146.315445
867 5481.000000 146.197388
868 5483.000000 143.161667
869 5485.000000 140.173035
870 5487.000000 139.234512
871 5489.000000 139.491928
872 5491.000000 139.537689
873 5493.000000 139.012039
874 5495.000000 138.972610
875 5497.000000 139.816376
876 5499.000000 140.755936
877 5501.000000 140.781570
878 5503.000000 140.633789
879 5505.000000 141.198227
880 5507.000000 141.656204
881 5509.000000 140.849686
882 5511.000000 139.298264
883 5513.000000 137.172089
884 5515.000000 135.415039
885 5517.000000 134.647781
886 5519.000000 135.661896
887 5521.000000 138.169327
888 5523.000000 140.048996
889 5525.000000 140.587891
890 5527.000000 140.382339
891 5529.000000 140.936966
892 5531.000000 141.570297
893 5533.000000 141.571655
894 5535.000000 141.786682
895 5537.000000 142.135742
896 5539.000000 141.857040
897 5541.000000 140.799484
898 5543.000000 139.561630
899 5545.000000 139.125412
900 5547.000000 139.443420
901 5549.000000 138.984467
902 5551.000000 138.001740
903 5553.000000 138.280548
904 5555.000000 140.237625
905 5557.000000 143.029404
906 5559.000000 145.325256
907 5561.000000 146.012772
908 5563.000000 144.551910
909 5565.000000 142.278961
910 5567.000000 140.996429
911 5569.000000 141.465169
912 5571.000000 143.066853
913 5573.000000 144.506016
914 5575.000000 141.043074
915 5577.000000 142.905293
916 5579.000000 148.372147
917 5581.000000 150.800850
918 5583.000000 148.478799
919 5585.000000 146.951312
920 5587.000000 147.567922
921 5589.000000 148.723834
922 5591.000000 148.716608
923 5593.000000 147.736669
924 5595.000000 147.069344
925 5597.000000 146.266871
926 5599.000000 145.239685
927 5601.000000 144.467481
928 5603.000000 143.219983
929 5605.000000 142.118668
930 5607.000000 141.251572
931 5609.000000 140.716095
932 5611.000000 141.130417
933 5613.000000 142.164932
934 5615.000000 143.538361
935 5617.000000 144.679810
936 5619.000000 144.853455
937 5621.000000 144.063721
938 5623.000000 142.099655
939 5625.000000 138.600418
940 5627.000000 135.280304
941 5629.000000 134.531188
942 5631.000000 135.560616
943 5633.000000 137.273116
944 5635.000000 139.231177
945 5637.000000 139.844070
946 5639.000000 139.447013
947 5641.000000 138.532017
948 5643.000000 139.658631
949 5645.000000 142.932283
950 5647.000000 146.147953
951 5649.000000 147.869148
952 5651.000000 147.434937
953 5653.000000 144.795578
954 5655.000000 141.656799
955 5657.000000 140.153580
956 5659.000000 140.066452
957 5661.000000 140.494263
958 5663.000000 140.601120
959 5665.000000 141.072556
960 5667.000000 142.442413
961 5669.000000 144.083557
962 5671.000000 145.174118
963 5673.000000 144.839203
964 5675.000000 143.418915
965 5677.000000 142.230743
966 5679.000000 141.318176
967 5681.000000 140.448334
968 5683.000000 140.613968
969 5685.000000 141.791565
970 5687.000000 142.867676
971 5689.000000 143.619293
972 5691.000000 143.920914
973 5693.000000 143.583008
974 5695.000000 141.952148
975 5697.000000 139.462204
976 5699.000000 137.423859
977 5701.000000 137.359070
978 5703.000000 138.800583
979 5705.000000 140.465836
980 5707.000000 141.664291
981 5709.000000 142.806702
982 5711.000000 143.985626
983 5713.000000 145.508453
984 5715.000000 146.743622
985 5717.000000 147.111160
986 5719.000000 146.137482
987 5721.000000 144.217743
988 5723.000000 142.541351
989 5725.000000 141.614975
990 5727.000000 141.441437
991 5729.000000 142.630539
992 5731.000000 144.223206
993 5733.000000 145.753708
994 5735.000000 146.526306
995 5737.000000 146.015289
996 5739.000000 144.183105
997 5741.000000 141.777649
998 5743.000000 140.410904
999 5745.000000 139.522705
1000 5747.000000 138.031509
1001 5749.000000 136.131683
1002 5751.000000 135.908432
1003 5753.000000 138.260864
1004 5755.000000 141.544159
1005 5757.000000 144.522827
1006 5759.000000 147.323715
1007 5761.000000 149.303253
1008 5763.000000 149.806549
1009 5765.000000 149.444916
1010 5767.000000 148.457428
1011 5769.000000 147.332825
1012 5771.000000 147.167313
1013 5773.000000 147.773224
1014 5775.000000 148.143570
1015 5777.000000 147.791779
1016 5779.000000 147.322327
1017 5781.000000 147.271729
1018 5783.000000 147.761108
1019 5785.000000 148.355423
1020 5787.000000 148.193649
1021 5789.000000 147.759720
1022 5791.000000 147.082245
1023 5793.000000 146.049484
1024 5795.000000 146.018021
1025 5797.000000 147.036621
1026 5799.000000 147.747574
1027 5801.000000 147.598251
1028 5803.000000 147.284561
1029 5805.000000 148.299484
1030 5807.000000 150.257004
1031 5809.000000 151.349701
1032 5811.000000 151.117905
1033 5813.000000 150.569000
1034 5815.000000 149.664444
1035 5817.000000 148.493530
1036 5819.000000 146.685913
1037 5821.000000 143.754013
1038 5823.000000 141.282501
1039 5825.000000 140.298262
1040 5827.000000 141.204116
1041 5829.000000 143.615778
1042 5831.000000 146.063322
1043 5833.000000 147.946640
1044 5835.000000 149.386780
1045 5837.000000 150.215958
1046 5839.000000 150.414337
1047 5841.000000 151.066544
1048 5843.000000 151.583359
1049 5845.000000 151.370651
1050 5847.000000 150.965866
1051 5849.000000 150.844543
1052 5851.000000 151.271561
1053 5853.000000 151.740265
1054 5855.000000 151.399796
1055 5857.000000 150.924438
1056 5859.000000 151.333374
1057 5861.000000 152.569016
1058 5863.000000 153.986389
1059 5865.000000 154.449951
1060 5867.000000 154.078506
1061 5869.000000 153.780380
1062 5871.000000 154.017334
1063 5873.000000 153.936020
1064 5875.000000 153.165298
1065 5877.000000 152.764114
1066 5879.000000 153.048981
1067 5881.000000 153.360931
1068 5883.000000 153.298141
1069 5885.000000 152.162064
1070 5887.000000 148.584244
1071 5889.000000 145.591739
1072 5891.000000 145.856138
1073 5893.000000 145.368052
1074 5895.000000 143.590596
1075 5897.000000 142.432668
1076 5899.000000 142.725705
1077 5901.000000 143.801422
1078 5903.000000 144.979828
1079 5905.000000 146.238113
1080 5907.000000 147.242615
1081 5909.000000 147.776962
1082 5911.000000 148.333023
1083 5913.000000 149.108917
1084 5915.000000 150.120346
1085 5917.000000 150.615662
1086 5919.000000 149.424481
1087 5921.000000 147.098318
1088 5923.000000 145.318470
1089 5925.000000 143.424541
1090 5927.000000 138.797309
1091 5929.000000 131.031012
1092 5931.000000 123.149412
1093 5933.000000 118.827797
1094 5935.000000 118.346809
1095 5937.000000 120.452789
1096 5939.000000 124.804756
1097 5941.000000 130.645340
1098 5943.000000 136.796829
1099 5945.000000 141.320526
1100 5947.000000 143.591370
1101 5949.000000 144.917252
1102 5951.000000 145.545425
1103 5953.000000 145.135315
1104 5955.000000 144.188736
1105 5957.000000 143.909134
1106 5959.000000 144.432007
1107 5961.000000 145.457260
1108 5963.000000 146.276962
1109 5965.000000 146.590469
1110 5967.000000 146.266083
1111 5969.000000 145.651169
1112 5971.000000 145.415894
1113 5973.000000 145.391571
1114 5975.000000 145.537643
1115 5977.000000 146.299652
1116 5979.000000 147.030930
1117 5981.000000 147.353546
1118 5983.000000 147.597000
1119 5985.000000 147.844635
1120 5987.000000 147.616821
1121 5989.000000 146.904816
1122 5991.000000 146.107773
1123 5993.000000 145.105942
1124 5995.000000 144.363861
1125 5997.000000 144.246170
1126 5999.000000 144.709259
1127 6001.000000 145.877518
1128 6003.000000 146.992462
1129 6005.000000 147.667145
1130 6007.000000 147.860733
1131 6009.000000 147.693802
1132 6011.000000 148.019714
1133 6013.000000 148.455078
1134 6015.000000 148.267426
1135 6017.000000 147.188416
1136 6019.000000 145.688370
1137 6021.000000 144.790697
1138 6023.000000 144.510069
1139 6025.000000 143.854801
1140 6027.000000 143.131192
1141 6029.000000 143.564735
1142 6031.000000 144.759193
1143 6033.000000 145.988559
1144 6035.000000 147.185089
1145 6037.000000 147.276123
1146 6039.000000 146.284332
1147 6041.000000 145.351669
1148 6043.000000 144.890930
1149 6045.000000 144.492432
1150 6047.000000 144.363647
1151 6049.000000 143.916519
1152 6051.000000 143.293732
1153 6053.000000 143.384445
1154 6055.000000 144.127045
1155 6057.000000 144.112244
1156 6059.000000 143.340591
1157 6061.000000 143.005432
1158 6063.000000 143.158157
1159 6065.000000 143.425797
1160 6067.000000 144.282700
1161 6069.000000 145.668777
1162 6071.000000 147.035812
1163 6073.000000 148.379135
1164 6075.000000 149.604263
1165 6077.000000 150.239197
1166 6079.000000 150.003651
1167 6081.000000 149.585607
1168 6083.000000 149.604105
1169 6085.000000 149.924691
1170 6087.000000 150.480933
1171 6089.000000 151.015118
1172 6091.000000 151.231033
1173 6093.000000 150.770432
1174 6095.000000 150.162399
1175 6097.000000 149.253479
1176 6099.000000 148.342880
1177 6101.000000 148.278687
1178 6103.000000 148.059769
1179 6105.000000 147.554504
1180 6107.000000 146.932800
1181 6109.000000 146.951233
1182 6111.000000 148.208633
1183 6113.000000 149.654800
1184 6115.000000 150.728241
1185 6117.000000 151.019897
1186 6119.000000 149.848282
1187 6121.000000 147.800369
1188 6123.000000 146.152954
1189 6125.000000 145.645218
1190 6127.000000 145.672287
1191 6129.000000 145.464127
1192 6131.000000 145.250809
1193 6133.000000 145.138565
1194 6135.000000 145.430206
1195 6137.000000 145.947617
1196 6139.000000 146.566772
1197 6141.000000 146.733566
1198 6143.000000 145.849899
1199 6145.000000 144.286636
1200 6147.000000 143.028946
1201 6149.000000 143.502701
1202 6151.000000 145.290802
1203 6153.000000 146.866379
1204 6155.000000 147.862671
1205 6157.000000 147.917526
1206 6159.000000 147.296021
1207 6161.000000 145.854874
1208 6163.000000 143.593887
1209 6165.000000 141.762009
1210 6167.000000 141.694580
1211 6169.000000 142.867905
1212 6171.000000 144.228241
1213 6173.000000 145.460312
1214 6175.000000 145.446991
1215 6177.000000 143.101166
1216 6179.000000 140.121185
1217 6181.000000 138.991974
1218 6183.000000 139.978470
1219 6185.000000 142.410828
1220 6187.000000 144.657974
1221 6189.000000 145.588165
1222 6191.000000 145.290237
1223 6193.000000 144.534332
1224 6195.000000 144.093414
1225 6197.000000 143.508713
1226 6199.000000 141.888672
1227 6201.000000 139.316360
1228 6203.000000 136.088196
1229 6205.000000 132.708755
1230 6207.000000 131.011093
1231 6209.000000 131.788849
1232 6211.000000 133.459686
1233 6213.000000 134.902252
1234 6215.000000 136.074142
1235 6217.000000 137.385605
1236 6219.000000 139.215500
1237 6221.000000 140.922104
1238 6223.000000 142.148422
1239 6225.000000 142.764771
1240 6227.000000 142.224670
1241 6229.000000 140.861923
1242 6231.000000 139.258911
1243 6233.000000 137.329834
1244 6235.000000 136.122742
1245 6237.000000 137.288498
1246 6239.000000 139.487061
1247 6241.000000 140.560471
1248 6243.000000 140.958878
1249 6245.000000 141.688751
1250 6247.000000 142.617004
1251 6249.000000 143.633286
1252 6251.000000 143.757828
1253 6253.000000 142.723389
1254 6255.000000 140.368408
1255 6257.000000 137.834229
1256 6259.000000 135.828200
1257 6261.000000 135.011741
1258 6263.000000 135.040871
1259 6265.000000 135.552131
1260 6267.000000 136.016079
1261 6269.000000 136.592450
1262 6271.000000 135.816040
1263 6273.000000 133.322311
1264 6275.000000 130.503965
1265 6277.000000 129.116662
1266 6279.000000 129.872212
1267 6281.000000 131.364772
1268 6283.000000 132.020327
1269 6285.000000 131.490845
1270 6287.000000 130.684082
1271 6289.000000 130.532721
1272 6291.000000 131.079445
1273 6293.000000 132.088813
1274 6295.000000 132.616803
1275 6297.000000 130.432550
1276 6299.000000 128.240143
1277 6301.000000 129.742752
1278 6303.000000 131.574692
1279 6305.000000 133.492279
1280 6307.000000 135.571732
1281 6309.000000 136.977554
1282 6311.000000 137.547428
1283 6313.000000 137.650646
1284 6315.000000 137.417164
1285 6317.000000 137.888343
1286 6319.000000 138.493570
1287 6321.000000 138.883121
1288 6323.000000 138.576324
1289 6325.000000 137.890701
1290 6327.000000 137.658508
1291 6329.000000 138.563812
1292 6331.000000 140.278656
1293 6333.000000 141.246765
1294 6335.000000 141.355942
1295 6337.000000 140.884781
1296 6339.000000 140.307938
1297 6341.000000 139.873184
1298 6343.000000 139.966278
1299 6345.000000 139.917274
1300 6347.000000 139.625668
1301 6349.000000 139.454421
1302 6351.000000 140.149048
1303 6353.000000 140.698618
1304 6355.000000 140.045019
1305 6357.000000 139.193314
1306 6359.000000 137.667572
1307 6361.000000 135.929062
1308 6363.000000 135.443207
1309 6365.000000 136.943298
1310 6367.000000 138.877914
1311 6369.000000 140.600098
1312 6371.000000 142.148041
1313 6373.000000 142.683304
1314 6375.000000 142.276169
1315 6377.000000 141.540543
1316 6379.000000 140.743332
1317 6381.000000 140.121201
1318 6383.000000 140.032852
1319 6385.000000 140.189468
1320 6387.000000 139.933990
1321 6389.000000 139.691467
1322 6391.000000 140.110947
1323 6393.000000 141.208145
1324 6395.000000 142.044434
1325 6397.000000 142.187851
1326 6399.000000 141.280579
1327 6401.000000 139.467804
1328 6403.000000 137.467575
1329 6405.000000 135.957794
1330 6407.000000 135.708450
1331 6409.000000 136.875992
1332 6411.000000 138.718048
1333 6413.000000 140.944199
1334 6415.000000 142.808441
1335 6417.000000 144.023697
1336 6419.000000 144.818390
1337 6421.000000 144.829910
1338 6423.000000 144.276718
1339 6425.000000 143.658432
1340 6427.000000 143.203583
1341 6429.000000 143.423874
1342 6431.000000 144.053894
1343 6433.000000 144.355225
1344 6435.000000 143.917099
1345 6437.000000 142.542084
1346 6439.000000 141.136093
1347 6441.000000 140.726028
1348 6443.000000 140.626862
1349 6445.000000 140.562332
1350 6447.000000 141.188004
1351 6449.000000 142.443817
1352 6451.000000 142.824921
1353 6453.000000 141.984543
1354 6455.000000 141.054932
1355 6457.000000 140.741241
1356 6459.000000 140.755386
1357 6461.000000 140.849609
1358 6463.000000 140.961472
1359 6465.000000 140.703598
1360 6467.000000 140.574173
1361 6469.000000 141.687164
1362 6471.000000 142.995667
1363 6473.000000 142.831589
1364 6475.000000 141.650970
1365 6477.000000 140.880646
1366 6479.000000 140.904465
1367 6481.000000 141.490219
1368 6483.000000 142.121246
1369 6485.000000 142.796646
1370 6487.000000 143.847015
1371 6489.000000 144.785507
1372 6491.000000 144.470158
1373 6493.000000 142.180763
1374 6495.000000 139.601098
1375 6497.000000 138.657516
1376 6499.000000 139.758099
1377 6501.000000 141.702238
1378 6503.000000 143.473259
1379 6505.000000 144.132189
1380 6507.000000 143.500746
1381 6509.000000 142.592269
1382 6511.000000 142.257965
1383 6513.000000 142.865768
1384 6515.000000 143.461044
1385 6517.000000 143.763901
1386 6519.000000 144.279526
1387 6521.000000 144.776123
1388 6523.000000 144.750717
1389 6525.000000 144.069031
1390 6527.000000 143.125610
1391 6529.000000 142.366013
1392 6531.000000 142.110077
1393 6533.000000 142.014038
1394 6535.000000 140.964569
1395 6537.000000 138.200989
1396 6539.000000 134.650009
1397 6541.000000 131.716812
1398 6543.000000 131.057144
1399 6545.000000 132.718185
1400 6547.000000 135.814346
1401 6549.000000 139.185913
1402 6551.000000 141.467743
1403 6553.000000 142.951782
1404 6555.000000 143.880295
1405 6557.000000 144.311213
1406 6559.000000 144.419148
1407 6561.000000 143.884422
1408 6563.000000 143.065050
1409 6565.000000 142.797525
1410 6567.000000 143.425854
1411 6569.000000 144.131851
1412 6571.000000 144.217026
1413 6573.000000 143.893860
1414 6575.000000 143.773514
1415 6577.000000 144.407791
1416 6579.000000 144.458832
1417 6581.000000 144.273087
1418 6583.000000 145.081070
1419 6585.000000 145.621887
1420 6587.000000 145.676514
1421 6589.000000 146.927368
1422 6591.000000 150.271835
1423 6593.000000 154.712500
1424 6595.000000 157.030238
1425 6597.000000 154.077732
1426 6599.000000 147.135833
1427 6601.000000 141.770040
1428 6603.000000 143.264931
1429 6605.000000 158.934982
1430 6607.000000 190.287506
1431 6609.000000 218.330288
1432 6611.000000 218.112271
1433 6613.000000 189.355500
1434 6615.000000 158.163307
1435 6617.000000 142.090700
1436 6619.000000 138.051396
1437 6621.000000 138.831583
1438 6623.000000 142.277419
1439 6625.000000 150.681375
1440 6627.000000 166.220096
1441 6629.000000 183.356694
1442 6631.000000 189.729156
1443 6633.000000 179.745926
1444 6635.000000 162.413239
1445 6637.000000 148.283295
1446 6639.000000 141.364655
1447 6641.000000 139.558548
1448 6643.000000 139.682083
1449 6645.000000 140.344864
1450 6647.000000 141.436890
1451 6649.000000 142.148621
1452 6651.000000 141.935669
1453 6653.000000 141.216248
1454 6655.000000 140.569183
1455 6657.000000 140.883484
1456 6659.000000 141.776031
1457 6661.000000 143.011444
1458 6663.000000 144.100082
1459 6665.000000 144.278290
1460 6667.000000 143.787018
1461 6669.000000 143.301102
1462 6671.000000 142.507904
1463 6673.000000 141.915726
1464 6675.000000 141.329376
1465 6677.000000 140.452820
1466 6679.000000 139.723221
1467 6681.000000 138.956345
1468 6683.000000 139.488540
1469 6685.000000 140.419733
1470 6687.000000 140.865123
1471 6689.000000 140.784358
1472 6691.000000 141.029243
1473 6693.000000 141.208631
1474 6695.000000 141.368169
1475 6697.000000 141.626563
1476 6699.000000 141.552048
1477 6701.000000 141.702355
1478 6703.000000 141.401062
1479 6705.000000 141.052795
1480 6707.000000 140.126480
1481 6709.000000 138.661621
1482 6711.000000 137.311951
1483 6713.000000 137.396729
1484 6715.000000 138.491211
1485 6717.000000 139.911819
1486 6719.000000 140.944733
1487 6721.000000 140.908971
1488 6723.000000 140.386745
1489 6725.000000 139.069758
1490 6727.000000 138.193130
1491 6729.000000 138.706661
1492 6731.000000 139.926662
1493 6733.000000 140.613296
1494 6735.000000 140.566080
1495 6737.000000 141.010463
1496 6739.000000 140.812115
1497 6741.000000 139.908493
1498 6743.000000 138.738922
1499 6745.000000 138.839310
1500 6747.000000 139.195023
1501 6749.000000 139.093735
1502 6751.000000 138.839920
1503 6753.000000 139.353455
1504 6755.000000 139.223312
1505 6757.000000 139.541885
1506 6759.000000 142.126617
1507 6761.000000 147.027512
1508 6763.000000 152.453690
1509 6765.000000 154.641571
1510 6767.000000 150.028244
1511 6769.000000 143.111954
1512 6771.000000 139.363495
1513 6773.000000 139.872833
1514 6775.000000 143.600113
1515 6777.000000 149.161255
1516 6779.000000 152.217651
1517 6781.000000 150.087067
1518 6783.000000 144.992584
1519 6785.000000 139.724106
1520 6787.000000 137.263611
1521 6789.000000 136.608246
1522 6791.000000 136.663330
1523 6793.000000 135.788528
1524 6795.000000 135.227768
1525 6797.000000 135.452698
1526 6799.000000 135.325699
1527 6801.000000 136.416473
1528 6803.000000 136.948044
1529 6805.000000 137.861313
1530 6807.000000 138.799576
1531 6809.000000 139.215027
1532 6811.000000 138.898941
1533 6813.000000 137.565903
1534 6815.000000 137.087448
1535 6817.000000 136.910919
1536 6819.000000 136.931198
1537 6821.000000 137.805222
1538 6823.000000 138.901382
1539 6825.000000 140.250366
1540 6827.000000 140.533630
1541 6829.000000 139.157425
1542 6831.000000 136.736816
1543 6833.000000 135.685120
1544 6835.000000 136.129807
1545 6837.000000 136.074203
1546 6839.000000 136.391312
1547 6841.000000 137.438873
1548 6843.000000 137.094437
1549 6845.000000 136.871353
1550 6847.000000 137.463364
1551 6849.000000 137.915665
1552 6851.000000 138.067032
1553 6853.000000 137.491302
1554 6855.000000 137.326843
1555 6857.000000 136.896896
1556 6859.000000 135.787170
1557 6861.000000 136.914398
1558 6863.000000 137.081543
1559 6865.000000 137.007172
1560 6867.000000 134.672256
1561 6869.000000 139.327103
1562 6871.000000 147.443939
1563 6873.000000 148.627365
1564 6875.000000 148.412643
1565 6877.000000 148.065948
1566 6879.000000 145.125565
1567 6881.000000 143.385315
1568 6883.000000 140.895309
1569 6885.000000 137.460922
1570 6887.000000 139.571030
1571 6889.000000 138.861710
1572 6891.000000 138.081787
1573 6893.000000 139.596405
1574 6895.000000 141.053162
1575 6897.000000 141.231644
1576 6899.000000 142.987000
1577 6901.000000 141.241596
1578 6903.000000 142.178011
1579 6905.000000 138.831206
1580 6907.000000 139.917751
1581 6909.000000 139.043196
1582 6911.000000 139.468966
1583 6913.000000 141.175470
1584 6915.000000 140.952835
1585 6917.000000 140.288589
1586 6919.000000 141.114960
1587 6921.000000 141.573746
1588 6923.000000 144.908127
1589 6925.000000 143.047241
1590 6927.000000 140.624863
1591 6929.000000 140.544937
1592 6931.000000 141.818619
1593 6933.000000 141.067139
1594 6935.000000 140.945190
1595 6937.000000 142.183670
1596 6939.000000 144.703964
1597 6941.000000 146.579712
1598 6943.000000 145.297028
1599 6945.000000 143.831329
1600 6947.000000 145.433762
1601 6949.000000 146.641602
1602 6951.000000 144.118607
1603 6953.000000 141.552292
1604 6955.000000 142.279358
1605 6957.000000 144.285156
1606 6959.000000 144.265732
1607 6961.000000 144.745499
1608 6963.000000 142.285583
1609 6965.000000 141.787674
1610 6967.000000 140.667679
1611 6969.000000 139.966324
1612 6971.000000 140.082443
1613 6973.000000 138.890778
1614 6975.000000 138.524002
1615 6977.000000 139.587875
1616 6979.000000 140.698288
1617 6981.000000 140.210667
1618 6983.000000 139.613101
1619 6985.000000 139.156603
1620 6987.000000 138.240254
1621 6989.000000 139.521054
1622 6991.000000 138.983520
1623 6993.000000 139.140680
1624 6995.000000 138.571808
1625 6997.000000 137.866928
1626 6999.000000 137.936417
1627 7001.000000 138.209610
1628 7003.000000 138.155365
1629 7005.000000 137.776520
1630 7007.000000 136.438736
1631 7009.000000 140.540353
1632 7011.000000 141.280422
1633 7013.000000 140.410129
1634 7015.000000 139.907984
1635 7017.000000 139.981522
1636 7019.000000 139.824385
1637 7021.000000 139.466463
1638 7023.000000 137.709052
1639 7025.000000 134.068531
1640 7027.000000 134.783299
1641 7029.000000 135.238171
1642 7031.000000 137.442219
1643 7033.000000 139.810322
1644 7035.000000 140.856159
1645 7037.000000 141.056885
1646 7039.000000 140.401160
1647 7041.000000 140.377329
1648 7043.000000 140.436236
1649 7045.000000 140.044354
1650 7047.000000 138.785205
1651 7049.000000 138.713841
1652 7051.000000 137.916902
1653 7053.000000 138.021508
1654 7055.000000 135.243227
1655 7057.000000 138.016662
1656 7059.000000 137.982596
1657 7061.000000 138.149619
1658 7063.000000 137.494012
1659 7065.000000 136.369405
1660 7067.000000 136.572032
1661 7069.000000 136.744209
1662 7071.000000 137.228106
1663 7073.000000 137.118619
1664 7075.000000 137.032081
1665 7077.000000 136.941567
1666 7079.000000 135.969936
1667 7081.000000 138.431768
1668 7083.000000 139.767127
1669 7085.000000 138.903605
1670 7087.000000 138.957853
1671 7089.000000 140.434293
1672 7091.000000 141.277450
1673 7093.000000 142.199562
1674 7095.000000 142.241636
1675 7097.000000 142.012011
1676 7099.000000 141.970660
1677 7101.000000 140.042749
1678 7103.000000 136.882390
1679 7105.000000 134.003332
1680 7107.000000 133.022293
1681 7109.000000 132.842589
1682 7111.000000 131.515205
1683 7113.000000 127.040056
1684 7115.000000 130.302095
1685 7117.000000 130.618596
1686 7119.000000 128.175539
1687 7121.000000 131.591399
1688 7123.000000 132.590824
1689 7125.000000 133.919159
1690 7127.000000 134.538541
1691 7129.000000 133.943142
1692 7131.000000 133.622657
1693 7133.000000 131.538519
1694 7135.000000 129.111387
1695 7137.000000 126.742431
1696 7139.000000 126.452117
1697 7141.000000 126.155129
1698 7143.000000 125.875630
1699 7145.000000 127.035188
1700 7147.000000 127.588704
1701 7149.000000 127.981922
1702 7151.000000 128.429890
1703 7153.000000 128.086915
1704 7155.000000 129.027338
1705 7157.000000 128.268993
1706 7159.000000 127.734941
1707 7161.000000 127.659883
1708 7163.000000 125.470882
1709 7165.000000 128.805785
1710 7167.000000 131.269542
1711 7169.000000 133.493356
1712 7171.000000 133.261233
1713 7173.000000 134.759453
1714 7175.000000 136.678927
1715 7177.000000 136.421827
1716 7179.000000 131.406119
1717 7181.000000 127.683220
1718 7183.000000 129.424590
1719 7185.000000 135.119148
1720 7187.000000 137.042804
1721 7189.000000 135.641308
1722 7191.000000 135.535971
1723 7193.000000 134.380126
1724 7195.000000 133.954148
1725 7197.000000 132.648382
1726 7199.000000 130.054143
1727 7201.000000 130.782112
1728 7203.000000 132.009713
1729 7205.000000 131.456002
1730 7207.000000 132.509572
1731 7209.000000 133.667790
1732 7211.000000 130.941838
1733 7213.000000 126.820167
1734 7215.000000 125.666360
1735 7217.000000 126.087204
1736 7219.000000 126.987201
1737 7221.000000 124.449241
1738 7223.000000 127.323810
1739 7225.000000 128.086960
1740 7227.000000 129.792128
1741 7229.000000 129.145999
1742 7231.000000 128.164306
1743 7233.000000 129.042760
1744 7235.000000 129.635401
1745 7237.000000 128.522939
1746 7239.000000 128.449720
1747 7241.000000 129.673525
1748 7243.000000 134.683380
1749 7245.000000 135.850361
1750 7247.000000 133.725610
1751 7249.000000 127.220803
1752 7251.000000 127.888782
1753 7253.000000 131.340131
1754 7255.000000 132.449646
1755 7257.000000 130.280990
1756 7259.000000 128.116516
1757 7261.000000 127.205709
1758 7263.000000 127.291122
1759 7265.000000 126.737071
1760 7267.000000 129.018165
1761 7269.000000 130.018330
1762 7271.000000 127.360926
1763 7273.000000 125.797433
1764 7275.000000 133.934799
1765 7277.000000 141.692445
1766 7279.000000 139.957544
1767 7281.000000 139.754005
1768 7283.000000 142.728944
1769 7285.000000 141.140264
1770 7287.000000 134.940616
1771 7289.000000 132.735243
1772 7291.000000 135.784887
1773 7293.000000 136.535369
1774 7295.000000 135.338913
1775 7297.000000 132.913389
1776 7299.000000 129.453224
1777 7301.000000 131.412558
1778 7303.000000 133.516543
1779 7305.000000 133.949366
1780 7307.000000 132.327660
1781 7309.000000 130.343236
1782 7311.000000 127.640493
1783 7313.000000 125.894354
1784 7315.000000 132.818048
1785 7317.000000 138.719163
1786 7319.000000 137.065939
1787 7321.000000 130.862683
1788 7323.000000 128.757681
1789 7325.000000 124.732559
1790 7327.000000 123.415282
1791 7329.000000 129.277172
1792 7331.000000 129.825857
1793 7333.000000 128.439750
1794 7335.000000 125.873270
1795 7337.000000 120.290765
1796 7339.000000 122.985691
1797 7341.000000 129.041190
1798 7343.000000 129.000993
1799 7345.000000 125.609709
1800 7347.000000 125.618442
1801 7349.000000 127.011793
1802 7351.000000 129.699814
1803 7353.000000 128.543004
1804 7355.000000 126.852971
1805 7357.000000 129.079581
1806 7359.000000 130.581306
1807 7361.000000 130.850352
1808 7363.000000 127.723403
1809 7365.000000 123.375350
1810 7367.000000 125.843010
1811 7369.000000 132.917014
1812 7371.000000 132.558868
1813 7373.000000 130.355221
1814 7375.000000 128.302209
1815 7377.000000 127.955392
1816 7379.000000 126.899953
1817 7381.000000 127.963137
1818 7383.000000 129.126001
1819 7385.000000 129.541510
1820 7387.000000 129.684440
1821 7389.000000 129.387730
1822 7391.000000 132.440474
1823 7393.000000 134.501178
1824 7395.000000 133.600751
1825 7397.000000 128.894815
1826 7399.000000 127.138169
1827 7401.000000 132.061907
1828 7403.000000 135.144396
1829 7405.000000 131.280824
1830 7407.000000 126.879532
1831 7409.000000 126.634965
1832 7411.000000 128.013568
1833 7413.000000 128.013373
1834 7415.000000 128.608837
1835 7417.000000 128.345481
1836 7419.000000 128.019098
1837 7421.000000 130.315344
1838 7423.000000 131.343594
1839 7425.000000 131.655475
1840 7427.000000 130.718960
1841 7429.000000 133.464767
1842 7431.000000 134.084827
1843 7433.000000 132.931909
1844 7435.000000 129.619490
1845 7437.000000 130.146797
1846 7439.000000 129.944522
1847 7441.000000 130.046781
1848 7443.000000 126.658509
1849 7445.000000 127.200971
1850 7447.000000 128.645889
1851 7449.000000 129.995450
1852 7451.000000 130.360451
1853 7453.000000 129.744846
1854 7455.000000 129.670014
1855 7457.000000 131.202302
1856 7459.000000 130.095422
1857 7461.000000 130.734281
1858 7463.000000 129.123276
1859 7465.000000 126.969789
1860 7467.000000 127.700615
1861 7469.000000 126.153747
1862 7471.000000 124.293337
1863 7473.000000 128.996039
1864 7475.000000 129.862135
1865 7477.000000 127.826284
1866 7479.000000 128.393243
1867 7481.000000 131.219967
1868 7483.000000 133.841932
1869 7485.000000 134.232266
1870 7487.000000 134.588443
1871 7489.000000 132.445590
1872 7491.000000 131.598405
1873 7493.000000 131.686633
1874 7495.000000 131.160064
1875 7497.000000 128.647880
1876 7499.000000 129.720191
1877 7501.000000 nan
