C 1.34 1.34 0
1 13.19 3.75 1
2 -16.44 6.77 1
3 -0.75 15.83 1
4 13.19 15.83 1
5 -14.69 15.83 1
6 9.70 9.79 1
7 -7.72 21.85 1
8 6.22 21.85 1
9 16.67 9.79 1
10 -9.47 12.81 1
11 6.22 15.83 1
12 -0.75 21.85 1
13 -18.17 9.79 1
14 21.89 6.77 1
15 -7.72 15.83 1
16 11.45 18.83 1
17 -12.95 6.77 1
18 1.00 18.83 1
19 -12.95 18.83 1
20 20.15 3.75 1
21 -23.39 6.77 1
22 11.45 12.81 1
23 -12.95 24.87 1
24 4.48 18.83 1
25 14.94 18.83 1
26 -12.95 12.81 1
27 14.94 6.77 1
28 -5.98 18.83 1
29 1.00 24.87 1
30 -19.90 12.81 1
31 18.40 12.81 1
32 -11.20 9.79 1
33 -5.98 24.87 1
34 2.73 15.83 1
35 7.97 24.87 1
36 -4.23 15.83 1
37 -16.44 18.83 1
38 11.45 6.77 1
39 13.19 21.85 1
40 -11.20 15.83 1
41 18.40 6.77 1
42 -14.69 9.79 1
43 9.70 15.83 1
44 -4.23 21.85 1
45 -18.17 15.83 1
46 11.45 24.87 1
47 20.15 9.79 1
48 -11.20 21.85 1
49 7.97 18.83 1
50 -19.90 6.77 1
51 -2.50 18.83 1
52 4.48 24.87 1
53 14.94 12.81 1
54 -14.69 21.85 1
55 -16.44 12.81 1
56 16.67 3.75 1
57 -2.50 24.87 1
58 9.70 21.85 1
59 -21.65 9.79 1
60 -9.47 18.83 1
61 7.97 12.81 1
62 23.64 3.75 1
63 2.73 21.85 1
64 16.67 15.83 1
65 -9.47 24.87 1
66 13.19 9.79 1
67 -25.14 9.79 1
68 6.22 27.89 1
69 23.64 9.79 1
70 -18.17 21.85 1
71 -9.47 30.91 1
72 18.40 18.83 1
73 28.87 6.77 1
74 -25.14 15.83 1
75 -0.75 27.89 1
76 13.19 27.89 1
77 -18.17 27.89 1
78 23.64 15.83 1
79 4.48 30.91 1
80 -21.65 15.83 1
81 27.12 3.75 1
82 -7.72 27.89 1
83 -32.11 9.79 1
84 18.40 24.87 1
85 27.12 9.79 1
86 -21.65 21.85 1
87 -4.23 33.93 1
88 11.45 30.91 1
89 21.89 18.83 1
90 -14.69 27.89 1
91 -26.87 12.81 1
92 34.09 3.75 1
93 -25.14 21.85 1
94 18.40 30.91 1
95 -4.23 27.89 1
96 -30.37 6.77 1
97 -18.17 33.93 1
98 21.89 12.81 1
99 1.00 30.91 1
100 23.64 21.85 1
101 -28.62 15.83 1
102 14.94 24.87 1
103 -19.90 24.87 1
104 13.19 33.93 1
105 -12.95 30.91 1
106 -26.87 6.77 1
107 30.61 3.75 1
108 6.22 33.93 1
109 28.87 12.81 1
110 -23.39 18.83 1
111 -21.65 27.89 1
112 16.67 21.85 1
113 2.73 27.89 1
114 -11.20 33.93 1
115 25.37 6.77 1
116 -33.84 6.77 1
117 -2.50 30.91 1
118 16.67 27.89 1
119 -23.39 12.81 1
120 25.37 18.83 1
121 7.97 30.91 1
122 -19.90 18.83 1
123 -16.44 30.91 1
124 20.15 15.83 1
125 30.61 9.79 1
126 20.15 21.85 1
127 -28.62 9.79 1
128 14.94 30.91 1
129 -23.39 24.87 1
130 -5.98 30.91 1
131 25.37 12.81 1
132 20.15 27.89 1
133 2.73 33.93 1
134 -30.37 12.81 1
135 32.34 6.77 1
136 9.70 27.89 1
137 -19.90 30.91 1
138 27.12 15.83 1
139 -7.72 33.93 1
140 21.89 24.87 1
141 16.67 33.93 1
142 -11.20 27.89 1
143 -26.87 18.83 1
144 -0.75 33.93 1
145 -16.44 24.87 1
146 -14.69 33.93 1
147 9.70 33.93 1
148 -11.20 3.75 1
149 -2.50 12.81 1
150 7.97 6.77 1
151 -5.98 -5.31 1
152 2.73 -2.29 1
153 -5.98 6.77 1
154 2.73 9.79 1
155 7.97 0.73 1
156 -5.98 12.81 1
157 -9.47 0.73 1
158 4.48 12.81 1
159 1.00 -5.31 1
160 -4.23 9.79 1
161 9.70 3.75 1
162 6.22 -2.29 1
163 -4.23 3.75 1
164 -0.75 3.75 1
165 2.73 3.75 1
166 -2.50 0.73 1
167 -2.50 6.77 1
168 1.00 0.73 1
169 1.00 6.77 1
170 -7.72 -2.29 1
171 -7.72 9.79 1
172 4.48 -5.31 1
173 4.48 6.77 1
174 -7.72 3.75 1
175 1.00 12.81 1
176 -0.75 -2.29 1
177 4.48 0.73 1
178 -5.98 0.73 1
179 -0.75 9.79 1
180 -2.50 -5.31 1
181 6.22 9.79 1
182 -9.47 6.77 1
183 6.22 3.75 1
184 -4.23 -2.29 1
185 -35.59 3.75 1
186 9.70 -26.43 1
187 -21.65 -20.39 1
188 21.89 -11.33 1
189 -25.14 -8.33 1
190 -4.23 -26.43 1
191 20.15 -20.39 1
192 -30.37 0.73 1
193 30.61 -2.29 1
194 -14.69 -26.43 1
195 4.48 -23.41 1
196 -21.65 -14.35 1
197 14.94 -23.41 1
198 -30.37 -5.31 1
199 25.37 -11.33 1
200 -19.90 -23.41 1
201 -5.98 -23.41 1
202 32.34 0.73 1
203 -26.87 -11.33 1
204 25.37 -5.31 1
205 -33.84 0.73 1
206 2.73 -26.43 1
207 18.40 -17.37 1
208 16.67 -26.43 1
209 -11.20 -26.43 1
210 -19.90 -17.37 1
211 28.87 0.73 1
212 23.64 -14.35 1
213 -28.62 -8.33 1
214 27.12 -8.33 1
215 16.67 -20.39 1
216 -32.11 3.75 1
217 -0.75 -26.43 1
218 -14.69 -20.39 1
219 -25.14 -2.29 1
220 9.70 -20.39 1
221 -23.39 -17.37 1
222 20.15 -8.33 1
223 -4.23 -20.39 1
224 21.89 -17.37 1
225 -28.62 3.75 1
226 13.19 -26.43 1
227 25.37 0.73 1
228 -19.90 -11.33 1
229 -12.95 -23.41 1
230 -32.11 -2.29 1
231 16.67 -14.35 1
232 6.22 -26.43 1
233 28.87 -5.31 1
234 2.73 -20.39 1
235 -25.14 -14.35 1
236 -18.17 -26.43 1
237 18.40 -23.41 1
238 -7.72 -26.43 1
239 23.64 -2.29 1
240 -26.87 -5.31 1
241 11.45 -23.41 1
242 -18.17 -20.39 1
243 23.64 -8.33 1
244 -7.72 -20.39 1
245 -26.87 0.73 1
246 1.00 -23.41 1
247 -21.65 -8.33 1
248 14.94 -17.37 1
249 27.12 -2.29 1
250 -16.44 -17.37 1
251 6.22 -20.39 1
252 18.40 -11.33 1
253 -28.62 -2.29 1
254 -9.47 -23.41 1
255 13.19 -20.39 1
256 -23.39 -11.33 1
257 -0.75 -20.39 1
258 21.89 -5.31 1
259 -16.44 -23.41 1
260 -23.39 -5.31 1
261 20.15 -14.35 1
262 7.97 -23.41 1
263 -11.20 -20.39 1
264 -18.17 -14.35 1
265 -2.50 -23.41 1
266 -25.14 3.75 1
267 18.40 -5.31 1
268 7.97 -17.37 1
269 -5.98 -17.37 1
270 -18.17 -8.33 1
271 14.94 -11.33 1
272 -19.90 0.73 1
273 21.89 0.73 1
274 2.73 -14.35 1
275 -14.69 -14.35 1
276 11.45 -17.37 1
277 -7.72 -14.35 1
278 14.94 -5.31 1
279 -19.90 -5.31 1
280 1.00 -17.37 1
281 7.97 -11.33 1
282 -21.65 3.75 1
283 18.40 0.73 1
284 -12.95 -17.37 1
285 16.67 -8.33 1
286 -11.20 -8.33 1
287 -2.50 -11.33 1
288 -16.44 0.73 1
289 13.19 -14.35 1
290 13.19 -2.29 1
291 -16.44 -11.33 1
292 4.48 -17.37 1
293 -23.39 0.73 1
294 -9.47 -17.37 1
295 13.19 -8.33 1
296 -16.44 -5.31 1
297 2.73 -8.33 1
298 -2.50 -17.37 1
299 20.15 -2.29 1
300 9.70 -14.35 1
301 -18.17 3.75 1
302 -9.47 -11.33 1
303 -21.65 -2.29 1
304 11.45 -5.31 1
305 -11.20 -2.29 1
306 -0.75 -14.35 1
307 11.45 -11.33 1
308 -12.95 -11.33 1
309 6.22 -14.35 1
310 -4.23 -8.33 1
311 -18.17 -2.29 1
312 9.70 -2.29 1
313 -14.69 -8.33 1
314 6.22 -8.33 1
315 -11.20 -14.35 1
316 -4.23 -14.35 1
317 -14.69 -2.29 1
318 1.00 -11.33 1
319 16.67 -2.29 1
320 -7.72 -8.33 1
321 7.97 -5.31 1
322 -9.47 -5.31 1
323 4.48 -11.33 1
324 14.94 0.73 1
325 -14.69 3.75 1
326 -5.98 -11.33 1
327 -0.75 -8.33 1
328 9.70 -8.33 1
329 -12.95 -5.31 1
330 -12.95 0.73 1
331 11.45 0.73 1
332 18.41 -0.84 1
333 -11.22 2.18 1
334 4.47 11.24 1
335 18.41 11.24 1
336 -9.47 11.24 1
337 14.92 5.20 1
338 -2.50 17.26 1
339 11.44 17.26 1
340 21.89 5.20 1
341 -4.25 8.22 1
342 11.44 11.24 1
343 4.47 17.26 1
344 -12.95 5.20 1
345 27.11 2.18 1
346 -2.50 11.24 1
347 16.67 14.24 1
348 -7.73 2.18 1
349 6.22 14.24 1
350 -7.73 14.24 1
351 25.37 -0.84 1
352 -18.17 2.18 1
353 16.67 8.22 1
354 -7.73 20.28 1
355 9.70 14.24 1
356 20.16 14.24 1
357 -7.73 8.22 1
358 20.16 2.18 1
359 -0.76 14.24 1
360 6.22 20.28 1
361 -14.68 8.22 1
362 23.62 8.22 1
363 -5.98 5.20 1
364 -0.76 20.28 1
365 7.95 11.24 1
366 13.19 20.28 1
367 0.99 11.24 1
368 -11.22 14.24 1
369 16.67 2.18 1
370 18.41 17.26 1
371 -5.98 11.24 1
372 23.62 2.18 1
373 -9.47 5.20 1
374 14.92 11.24 1
375 0.99 17.26 1
376 -12.95 11.24 1
377 16.67 20.28 1
378 25.37 5.20 1
379 -5.98 17.26 1
380 13.19 14.24 1
381 -14.68 2.18 1
382 2.72 14.24 1
383 9.70 20.28 1
384 20.16 8.22 1
385 -9.47 17.26 1
386 -11.22 8.22 1
387 21.89 -0.84 1
388 2.72 20.28 1
389 14.92 17.26 1
390 -16.43 5.20 1
391 -4.25 14.24 1
392 13.19 8.22 1
393 28.86 -0.84 1
394 7.95 17.26 1
395 21.89 11.24 1
396 -4.25 20.28 1
397 18.41 5.20 1
398 -19.92 5.20 1
399 11.44 23.30 1
400 28.86 5.20 1
401 -12.95 17.26 1
402 -4.25 26.32 1
403 23.62 14.24 1
404 34.09 2.18 1
405 -19.92 11.24 1
406 4.47 23.30 1
407 18.41 23.30 1
408 -12.95 23.30 1
409 28.86 11.24 1
410 9.70 26.32 1
411 -16.43 11.24 1
412 32.34 -0.84 1
413 -2.50 23.30 1
414 -26.89 5.20 1
415 23.62 20.28 1
416 32.34 5.20 1
417 -16.43 17.26 1
418 0.99 29.34 1
419 16.67 26.32 1
420 27.11 14.24 1
421 -9.47 23.30 1
422 -21.65 8.22 1
423 39.31 -0.84 1
424 -19.92 17.26 1
425 23.62 26.32 1
426 0.99 23.30 1
427 -25.15 2.18 1
428 -12.95 29.34 1
429 27.11 8.22 1
430 6.22 26.32 1
431 28.86 17.26 1
432 -23.40 11.24 1
433 20.16 20.28 1
434 -14.68 20.28 1
435 18.41 29.34 1
436 -7.73 26.32 1
437 -21.65 2.18 1
438 35.83 -0.84 1
439 11.44 29.34 1
440 34.09 8.22 1
441 -18.17 14.24 1
442 -16.43 23.30 1
443 21.89 17.26 1
444 7.95 23.30 1
445 -5.98 29.34 1
446 30.59 2.18 1
447 -28.62 2.18 1
448 2.72 26.32 1
449 21.89 23.30 1
450 -18.17 8.22 1
451 30.59 14.24 1
452 13.19 26.32 1
453 -14.68 14.24 1
454 -11.22 26.32 1
455 25.37 11.24 1
456 35.83 5.20 1
457 25.37 17.26 1
458 -23.40 5.20 1
459 20.16 26.32 1
460 -18.17 20.28 1
461 -0.76 26.32 1
462 30.59 8.22 1
463 25.37 23.30 1
464 7.95 29.34 1
465 -25.15 8.22 1
466 37.56 2.18 1
467 14.92 23.30 1
468 -14.68 26.32 1
469 32.34 11.24 1
470 -2.50 29.34 1
471 27.11 20.28 1
472 21.89 29.34 1
473 -5.98 23.30 1
474 -21.65 14.24 1
475 4.47 29.34 1
476 -11.22 20.28 1
477 -9.47 29.34 1
478 14.92 29.34 1
479 -5.98 -0.84 1
480 2.72 8.22 1
481 13.19 2.18 1
482 -0.76 -9.90 1
483 7.95 -6.88 1
484 -0.76 2.18 1
485 7.95 5.20 1
486 13.19 -3.86 1
487 -0.76 8.22 1
488 -4.25 -3.86 1
489 9.70 8.22 1
490 6.22 -9.90 1
491 0.99 5.20 1
492 14.92 -0.84 1
493 11.44 -6.88 1
494 0.99 -0.84 1
495 4.47 -0.84 1
496 7.95 -0.84 1
497 2.72 -3.86 1
498 2.72 2.18 1
499 6.22 -3.86 1
500 6.22 2.18 1
501 -2.50 -6.88 1
502 -2.50 5.20 1
503 9.70 -9.90 1
504 9.70 2.18 1
505 -2.50 -0.84 1
506 6.22 8.22 1
507 4.47 -6.88 1
508 9.70 -3.86 1
509 -0.76 -3.86 1
510 4.47 5.20 1
511 2.72 -9.90 1
512 11.44 5.20 1
513 -4.25 2.18 1
514 11.44 -0.84 1
515 0.99 -6.88 1
516 -30.37 -0.84 1
517 14.92 -31.02 1
518 -16.43 -24.98 1
519 27.11 -15.92 1
520 -19.92 -12.92 1
521 0.99 -31.02 1
522 25.37 -24.98 1
523 -25.15 -3.86 1
524 35.83 -6.88 1
525 -9.47 -31.02 1
526 9.70 -28.00 1
527 -16.43 -18.94 1
528 20.16 -28.00 1
529 -25.15 -9.90 1
530 30.59 -15.92 1
531 -14.68 -28.00 1
532 -0.76 -28.00 1
533 37.56 -3.86 1
534 -21.65 -15.92 1
535 30.59 -9.90 1
536 -28.62 -3.86 1
537 7.95 -31.02 1
538 23.62 -21.96 1
539 21.89 -31.02 1
540 -5.98 -31.02 1
541 -14.68 -21.96 1
542 34.09 -3.86 1
543 28.86 -18.94 1
544 -23.40 -12.92 1
545 32.34 -12.92 1
546 21.89 -24.98 1
547 -26.89 -0.84 1
548 4.47 -31.02 1
549 -9.47 -24.98 1
550 -19.92 -6.88 1
551 14.92 -24.98 1
552 -18.17 -21.96 1
553 25.37 -12.92 1
554 0.99 -24.98 1
555 27.11 -21.96 1
556 -23.40 -0.84 1
557 18.41 -31.02 1
558 30.59 -3.86 1
559 -14.68 -15.92 1
560 -7.73 -28.00 1
561 -26.89 -6.88 1
562 21.89 -18.94 1
563 11.44 -31.02 1
564 34.09 -9.90 1
565 7.95 -24.98 1
566 -19.92 -18.94 1
567 -12.95 -31.02 1
568 23.62 -28.00 1
569 -2.50 -31.02 1
570 28.86 -6.88 1
571 -21.65 -9.90 1
572 16.67 -28.00 1
573 -12.95 -24.98 1
574 28.86 -12.92 1
575 -2.50 -24.98 1
576 -21.65 -3.86 1
577 6.22 -28.00 1
578 -16.43 -12.92 1
579 20.16 -21.96 1
580 32.34 -6.88 1
581 -11.22 -21.96 1
582 11.44 -24.98 1
583 23.62 -15.92 1
584 -23.40 -6.88 1
585 -4.25 -28.00 1
586 18.41 -24.98 1
587 -18.17 -15.92 1
588 4.47 -24.98 1
589 27.11 -9.90 1
590 -11.22 -28.00 1
591 -18.17 -9.90 1
592 25.37 -18.94 1
593 13.19 -28.00 1
594 -5.98 -24.98 1
595 -12.95 -18.94 1
596 2.72 -28.00 1
597 -19.92 -0.84 1
598 23.62 -9.90 1
599 13.19 -21.96 1
600 -0.76 -21.96 1
601 -12.95 -12.92 1
602 20.16 -15.92 1
603 -14.68 -3.86 1
604 27.11 -3.86 1
605 7.95 -18.94 1
606 -9.47 -18.94 1
607 16.67 -21.96 1
608 -2.50 -18.94 1
609 20.16 -9.90 1
610 -14.68 -9.90 1
611 6.22 -21.96 1
612 13.19 -15.92 1
613 -16.43 -0.84 1
614 23.62 -3.86 1
615 -7.73 -21.96 1
616 21.89 -12.92 1
617 -5.98 -12.92 1
618 2.72 -15.92 1
619 -11.22 -3.86 1
620 18.41 -18.94 1
621 18.41 -6.88 1
622 -11.22 -15.92 1
623 9.70 -21.96 1
624 -18.17 -3.86 1
625 -4.25 -21.96 1
626 18.41 -12.92 1
627 -11.22 -9.90 1
628 7.95 -12.92 1
629 2.72 -21.96 1
630 25.37 -6.88 1
631 14.92 -18.94 1
632 -12.95 -0.84 1
633 -4.25 -15.92 1
634 -16.43 -6.88 1
635 16.67 -9.90 1
636 -5.98 -6.88 1
637 4.47 -18.94 1
638 16.67 -15.92 1
639 -7.73 -15.92 1
640 11.44 -18.94 1
641 0.99 -12.92 1
642 -12.95 -6.88 1
643 14.92 -6.88 1
644 -9.47 -12.92 1
645 11.44 -12.92 1
646 -5.98 -18.94 1
647 0.99 -18.94 1
648 -9.47 -6.88 1
649 6.22 -15.92 1
650 21.89 -6.88 1
651 -2.50 -12.92 1
652 13.19 -9.90 1
653 -4.25 -9.90 1
654 9.70 -15.92 1
655 20.16 -3.86 1
656 -9.47 -0.84 1
657 -0.76 -15.92 1
658 4.47 -12.92 1
659 14.92 -12.92 1
660 -7.73 -9.90 1
661 -7.73 -3.86 1
662 16.67 -3.86 1
663 18.16 8.59 1
664 -11.47 11.61 1
665 4.22 20.67 1
666 18.16 20.67 1
667 -9.72 20.67 1
668 14.67 14.63 1
669 -2.75 26.69 1
670 11.19 26.69 1
671 21.64 14.63 1
672 -4.50 17.65 1
673 11.19 20.67 1
674 4.22 26.69 1
675 -13.20 14.63 1
676 26.86 11.61 1
677 -2.75 20.67 1
678 16.42 23.67 1
679 -7.98 11.61 1
680 5.97 23.67 1
681 -7.98 23.67 1
682 25.12 8.59 1
683 -18.42 11.61 1
684 16.42 17.65 1
685 -7.98 29.71 1
686 9.45 23.67 1
687 19.91 23.67 1
688 -7.98 17.65 1
689 19.91 11.61 1
690 -1.01 23.67 1
691 5.97 29.71 1
692 -14.93 17.65 1
693 23.37 17.65 1
694 -6.23 14.63 1
695 -1.01 29.71 1
696 7.70 20.67 1
697 12.94 29.71 1
698 0.74 20.67 1
699 -11.47 23.67 1
700 16.42 11.61 1
701 18.16 26.69 1
702 -6.23 20.67 1
703 23.37 11.61 1
704 -9.72 14.63 1
705 14.67 20.67 1
706 0.74 26.69 1
707 -13.20 20.67 1
708 16.42 29.71 1
709 25.12 14.63 1
710 -6.23 26.69 1
711 12.94 23.67 1
712 -14.93 11.61 1
713 2.47 23.67 1
714 9.45 29.71 1
715 19.91 17.65 1
716 -9.72 26.69 1
717 -11.47 17.65 1
718 21.64 8.59 1
719 2.47 29.71 1
720 14.67 26.69 1
721 -16.68 14.63 1
722 -4.50 23.67 1
723 12.94 17.65 1
724 28.61 8.59 1
725 7.70 26.69 1
726 21.64 20.67 1
727 -4.50 29.71 1
728 18.16 14.63 1
729 -20.17 14.63 1
730 11.19 32.73 1
731 28.61 14.63 1
732 -13.20 26.69 1
733 -4.50 35.75 1
734 23.37 23.67 1
735 33.84 11.61 1
736 -20.17 20.67 1
737 4.22 32.73 1
738 18.16 32.73 1
739 -13.20 32.73 1
740 28.61 20.67 1
741 9.45 35.75 1
742 -16.68 20.67 1
743 32.09 8.59 1
744 -2.75 32.73 1
745 -27.14 14.63 1
746 23.37 29.71 1
747 32.09 14.63 1
748 -16.68 26.69 1
749 0.74 38.77 1
750 16.42 35.75 1
751 26.86 23.67 1
752 -9.72 32.73 1
753 -21.90 17.65 1
754 39.06 8.59 1
755 -20.17 26.69 1
756 23.37 35.75 1
757 0.74 32.73 1
758 -25.40 11.61 1
759 -13.20 38.77 1
760 26.86 17.65 1
761 5.97 35.75 1
762 28.61 26.69 1
763 -23.65 20.67 1
764 19.91 29.71 1
765 -14.93 29.71 1
766 18.16 38.77 1
767 -7.98 35.75 1
768 -21.90 11.61 1
769 35.58 8.59 1
770 11.19 38.77 1
771 33.84 17.65 1
772 -18.42 23.67 1
773 -16.68 32.73 1
774 21.64 26.69 1
775 7.70 32.73 1
776 -6.23 38.77 1
777 30.34 11.61 1
778 -28.87 11.61 1
779 2.47 35.75 1
780 21.64 32.73 1
781 -18.42 17.65 1
782 30.34 23.67 1
783 12.94 35.75 1
784 -14.93 23.67 1
785 -11.47 35.75 1
786 25.12 20.67 1
787 35.58 14.63 1
788 25.12 26.69 1
789 -23.65 14.63 1
790 19.91 35.75 1
791 -18.42 29.71 1
792 -1.01 35.75 1
793 30.34 17.65 1
794 25.12 32.73 1
795 7.70 38.77 1
796 -25.40 17.65 1
797 37.31 11.61 1
798 14.67 32.73 1
799 -14.93 35.75 1
800 32.09 20.67 1
801 -2.75 38.77 1
802 26.86 29.71 1
803 21.64 38.77 1
804 -6.23 32.73 1
805 -21.90 23.67 1
806 4.22 38.77 1
807 -11.47 29.71 1
808 -9.72 38.77 1
809 14.67 38.77 1
810 -6.23 8.59 1
811 2.47 17.65 1
812 12.94 11.61 1
813 -1.01 -0.47 1
814 7.70 2.55 1
815 -1.01 11.61 1
816 7.70 14.63 1
817 12.94 5.57 1
818 -1.01 17.65 1
819 -4.50 5.57 1
820 9.45 17.65 1
821 5.97 -0.47 1
822 0.74 14.63 1
823 14.67 8.59 1
824 11.19 2.55 1
825 0.74 8.59 1
826 4.22 8.59 1
827 7.70 8.59 1
828 2.47 5.57 1
829 2.47 11.61 1
830 5.97 5.57 1
831 5.97 11.61 1
832 -2.75 2.55 1
833 -2.75 14.63 1
834 9.45 -0.47 1
835 9.45 11.61 1
836 -2.75 8.59 1
837 5.97 17.65 1
838 4.22 2.55 1
839 9.45 5.57 1
840 -1.01 5.57 1
841 4.22 14.63 1
842 2.47 -0.47 1
843 11.19 14.63 1
844 -4.50 11.61 1
845 11.19 8.59 1
846 0.74 2.55 1
847 -30.62 8.59 1
848 14.67 -21.59 1
849 -16.68 -15.55 1
850 26.86 -6.49 1
851 -20.17 -3.49 1
852 0.74 -21.59 1
853 25.12 -15.55 1
854 -25.40 5.57 1
855 35.58 2.55 1
856 -9.72 -21.59 1
857 9.45 -18.57 1
858 -16.68 -9.51 1
859 19.91 -18.57 1
860 -25.40 -0.47 1
861 30.34 -6.49 1
862 -14.93 -18.57 1
863 -1.01 -18.57 1
864 37.31 5.57 1
865 -21.90 -6.49 1
866 30.34 -0.47 1
867 -28.87 5.57 1
868 7.70 -21.59 1
869 23.37 -12.53 1
870 21.64 -21.59 1
871 -6.23 -21.59 1
872 -14.93 -12.53 1
873 33.84 5.57 1
874 28.61 -9.51 1
875 -23.65 -3.49 1
876 32.09 -3.49 1
877 21.64 -15.55 1
878 -27.14 8.59 1
879 4.22 -21.59 1
880 -9.72 -15.55 1
881 -20.17 2.55 1
882 14.67 -15.55 1
883 -18.42 -12.53 1
884 25.12 -3.49 1
885 0.74 -15.55 1
886 26.86 -12.53 1
887 -23.65 8.59 1
888 18.16 -21.59 1
889 30.34 5.57 1
890 -14.93 -6.49 1
891 -7.98 -18.57 1
892 -27.14 2.55 1
893 21.64 -9.51 1
894 11.19 -21.59 1
895 33.84 -0.47 1
896 7.70 -15.55 1
897 -20.17 -9.51 1
898 -13.20 -21.59 1
899 23.37 -18.57 1
900 -2.75 -21.59 1
901 28.61 2.55 1
902 -21.90 -0.47 1
903 16.42 -18.57 1
904 -13.20 -15.55 1
905 28.61 -3.49 1
906 -2.75 -15.55 1
907 -21.90 5.57 1
908 5.97 -18.57 1
909 -16.68 -3.49 1
910 19.91 -12.53 1
911 32.09 2.55 1
912 -11.47 -12.53 1
913 11.19 -15.55 1
914 23.37 -6.49 1
915 -23.65 2.55 1
916 -4.50 -18.57 1
917 18.16 -15.55 1
918 -18.42 -6.49 1
919 4.22 -15.55 1
920 26.86 -0.47 1
921 -11.47 -18.57 1
922 -18.42 -0.47 1
923 25.12 -9.51 1
924 12.94 -18.57 1
925 -6.23 -15.55 1
926 -13.20 -9.51 1
927 2.47 -18.57 1
928 -20.17 8.59 1
929 23.37 -0.47 1
930 12.94 -12.53 1
931 -1.01 -12.53 1
932 -13.20 -3.49 1
933 19.91 -6.49 1
934 -14.93 5.57 1
935 26.86 5.57 1
936 7.70 -9.51 1
937 -9.72 -9.51 1
938 16.42 -12.53 1
939 -2.75 -9.51 1
940 19.91 -0.47 1
941 -14.93 -0.47 1
942 5.97 -12.53 1
943 12.94 -6.49 1
944 -16.68 8.59 1
945 23.37 5.57 1
946 -7.98 -12.53 1
947 21.64 -3.49 1
948 -6.23 -3.49 1
949 2.47 -6.49 1
950 -11.47 5.57 1
951 18.16 -9.51 1
952 18.16 2.55 1
953 -11.47 -6.49 1
954 9.45 -12.53 1
955 -18.42 5.57 1
956 -4.50 -12.53 1
957 18.16 -3.49 1
958 -11.47 -0.47 1
959 7.70 -3.49 1
960 2.47 -12.53 1
961 25.12 2.55 1
962 14.67 -9.51 1
963 -13.20 8.59 1
964 -4.50 -6.49 1
965 -16.68 2.55 1
966 16.42 -0.47 1
967 -6.23 2.55 1
968 4.22 -9.51 1
969 16.42 -6.49 1
970 -7.98 -6.49 1
971 11.19 -9.51 1
972 0.74 -3.49 1
973 -13.20 2.55 1
974 14.67 2.55 1
975 -9.72 -3.49 1
976 11.19 -3.49 1
977 -6.23 -9.51 1
978 0.74 -9.51 1
979 -9.72 2.55 1
980 5.97 -6.49 1
981 21.64 2.55 1
982 -2.75 -3.49 1
983 12.94 -0.47 1
984 -4.50 -0.47 1
985 9.45 -6.49 1
986 19.91 5.57 1
987 -9.72 8.59 1
988 -1.01 -6.49 1
989 4.22 -3.49 1
990 14.67 -3.49 1
991 -7.98 -0.47 1
992 -7.98 5.57 1
993 16.42 5.57 1
