1 3749.000000 66.462047
2 3751.000000 101.158533
3 3753.000000 127.316825
4 3755.000000 133.171383
5 3757.000000 117.883518
6 3759.000000 91.447924
7 3761.000000 82.602803
8 3763.000000 79.142941
9 3765.000000 77.347058
10 3767.000000 80.210125
11 3769.000000 82.226641
12 3771.000000 79.320206
13 3773.000000 74.089952
14 3775.000000 64.177732
15 3777.000000 70.259106
16 3779.000000 84.470436
17 3781.000000 92.109360
18 3783.000000 93.397682
19 3785.000000 90.606659
20 3787.000000 88.677661
21 3789.000000 87.319737
22 3791.000000 89.684160
23 3793.000000 84.324510
24 3795.000000 82.660168
25 3797.000000 90.366154
26 3799.000000 90.741122
27 3801.000000 93.714090
28 3803.000000 106.640494
29 3805.000000 112.705039
30 3807.000000 120.061411
31 3809.000000 115.864335
32 3811.000000 115.733822
33 3813.000000 107.487240
34 3815.000000 101.284544
35 3817.000000 96.519642
36 3819.000000 96.354004
37 3821.000000 90.459551
38 3823.000000 83.668987
39 3825.000000 85.328373
40 3827.000000 89.419809
41 3829.000000 98.817119
42 3831.000000 109.736851
43 3833.000000 114.052141
44 3835.000000 113.366544
45 3837.000000 113.418017
46 3839.000000 112.898000
47 3841.000000 109.998267
48 3843.000000 102.934439
49 3845.000000 97.229567
50 3847.000000 97.530803
51 3849.000000 93.596703
52 3851.000000 89.507273
53 3853.000000 85.476213
54 3855.000000 83.279155
55 3857.000000 75.995618
56 3859.000000 72.672219
57 3861.000000 70.866241
58 3863.000000 70.324889
59 3865.000000 73.075041
60 3867.000000 80.008918
61 3869.000000 90.148675
62 3871.000000 101.356992
63 3873.000000 106.360058
64 3875.000000 107.814522
65 3877.000000 109.766826
66 3879.000000 109.560684
67 3881.000000 107.681707
68 3883.000000 105.642328
69 3885.000000 104.376448
70 3887.000000 104.848619
71 3889.000000 107.798668
72 3891.000000 113.331170
73 3893.000000 113.392805
74 3895.000000 114.995225
75 3897.000000 113.634013
76 3899.000000 108.874957
77 3901.000000 106.469201
78 3903.000000 109.241019
79 3905.000000 111.010171
80 3907.000000 104.680508
81 3909.000000 100.343466
82 3911.000000 96.923151
83 3913.000000 93.744250
84 3915.000000 95.469942
85 3917.000000 103.236980
86 3919.000000 106.495667
87 3921.000000 109.082525
88 3923.000000 111.012126
89 3925.000000 114.951301
90 3927.000000 118.698552
91 3929.000000 121.006913
92 3931.000000 117.249123
93 3933.000000 116.638442
94 3935.000000 121.559456
95 3937.000000 131.519776
96 3939.000000 137.574600
97 3941.000000 133.899333
98 3943.000000 131.559011
99 3945.000000 129.628332
100 3947.000000 124.905082
101 3949.000000 121.236363
102 3951.000000 116.516486
103 3953.000000 114.061809
104 3955.000000 102.400428
105 3957.000000 89.107972
106 3959.000000 75.509782
107 3961.000000 68.153316
108 3963.000000 70.507866
109 3965.000000 81.361981
110 3967.000000 91.979465
111 3969.000000 100.963771
112 3971.000000 109.101352
113 3973.000000 116.479234
114 3975.000000 124.309517
115 3977.000000 127.904374
116 3979.000000 131.863533
117 3981.000000 133.774426
118 3983.000000 130.621604
119 3985.000000 127.142299
120 3987.000000 119.011010
121 3989.000000 108.126889
122 3991.000000 94.522305
123 3993.000000 81.310514
124 3995.000000 73.067934
125 3997.000000 72.082057
126 3999.000000 75.694710
127 4001.000000 87.731601
128 4003.000000 100.704939
129 4005.000000 114.714793
130 4007.000000 129.374896
131 4009.000000 134.240193
132 4011.000000 139.622861
133 4013.000000 141.963243
134 4015.000000 145.344692
135 4017.000000 151.723552
136 4019.000000 157.450134
137 4021.000000 157.892346
138 4023.000000 156.807402
139 4025.000000 157.801817
140 4027.000000 159.587067
141 4029.000000 162.982345
142 4031.000000 163.195152
143 4033.000000 160.304211
144 4035.000000 160.198940
145 4037.000000 162.777235
146 4039.000000 163.783514
147 4041.000000 169.397086
148 4043.000000 172.619545
149 4045.000000 175.830306
150 4047.000000 176.556262
151 4049.000000 176.489046
152 4051.000000 172.680683
153 4053.000000 169.318992
154 4055.000000 170.240907
155 4057.000000 168.537932
156 4059.000000 160.952706
157 4061.000000 157.075060
158 4063.000000 162.593547
159 4065.000000 170.251170
160 4067.000000 174.913748
161 4069.000000 174.231937
162 4071.000000 168.024641
163 4073.000000 163.124635
164 4075.000000 158.331387
165 4077.000000 165.030509
166 4079.000000 168.262879
167 4081.000000 168.527403
168 4083.000000 165.599413
169 4085.000000 162.092125
170 4087.000000 162.327371
171 4089.000000 160.181606
172 4091.000000 159.364890
173 4093.000000 157.134310
174 4095.000000 159.575865
175 4097.000000 161.866355
176 4099.000000 163.058872
177 4101.000000 162.996788
178 4103.000000 159.367946
179 4105.000000 158.992745
180 4107.000000 161.227847
181 4109.000000 161.329120
182 4111.000000 164.244097
183 4113.000000 167.795293
184 4115.000000 170.073471
185 4117.000000 175.053683
186 4119.000000 175.084948
187 4121.000000 168.616680
188 4123.000000 159.884566
189 4125.000000 151.643404
190 4127.000000 145.713383
191 4129.000000 143.595531
192 4131.000000 143.683415
193 4133.000000 144.062970
194 4135.000000 146.903815
195 4137.000000 153.381100
196 4139.000000 157.458924
197 4141.000000 160.189672
198 4143.000000 163.650073
199 4145.000000 165.756728
200 4147.000000 167.299816
201 4149.000000 165.228405
202 4151.000000 166.667881
203 4153.000000 168.273753
204 4155.000000 168.067433
205 4157.000000 166.269627
206 4159.000000 161.767718
207 4161.000000 160.600391
208 4163.000000 164.007223
209 4165.000000 171.229933
210 4167.000000 174.556562
211 4169.000000 171.251504
212 4171.000000 162.730878
213 4173.000000 161.896991
214 4175.000000 159.854325
215 4177.000000 163.638404
216 4179.000000 163.866209
217 4181.000000 162.270218
218 4183.000000 162.330621
219 4185.000000 162.805450
220 4187.000000 161.798877
221 4189.000000 170.183156
222 4191.000000 176.090142
223 4193.000000 176.420281
224 4195.000000 172.513487
225 4197.000000 167.997045
226 4199.000000 165.284211
227 4201.000000 161.144214
228 4203.000000 159.335755
229 4205.000000 157.011964
230 4207.000000 158.258824
231 4209.000000 161.289950
232 4211.000000 163.129716
233 4213.000000 166.895651
234 4215.000000 167.261107
235 4217.000000 168.364743
236 4219.000000 169.524329
237 4221.000000 169.010956
238 4223.000000 169.628924
239 4225.000000 168.094957
240 4227.000000 163.488480
241 4229.000000 156.411043
242 4231.000000 157.009763
243 4233.000000 163.107299
244 4235.000000 166.472436
245 4237.000000 173.043587
246 4239.000000 177.608000
247 4241.000000 172.304842
248 4243.000000 168.916542
249 4245.000000 171.192299
250 4247.000000 173.704758
251 4249.000000 177.336416
252 4251.000000 174.513957
253 4253.000000 166.907810
254 4255.000000 155.618830
255 4257.000000 150.733190
256 4259.000000 156.921423
257 4261.000000 168.559883
258 4263.000000 172.002448
259 4265.000000 168.371888
260 4267.000000 167.830467
261 4269.000000 168.833993
262 4271.000000 172.198054
263 4273.000000 175.097685
264 4275.000000 178.629506
265 4277.000000 175.676729
266 4279.000000 172.775087
267 4281.000000 169.637070
268 4283.000000 170.796858
269 4285.000000 171.485061
270 4287.000000 171.375703
271 4289.000000 170.627841
272 4291.000000 172.187722
273 4293.000000 175.498100
274 4295.000000 181.094762
275 4297.000000 180.736570
276 4299.000000 172.129581
277 4301.000000 160.967444
278 4303.000000 156.308490
279 4305.000000 160.909617
280 4307.000000 168.074884
281 4309.000000 170.985134
282 4311.000000 173.189018
283 4313.000000 172.150482
284 4315.000000 168.210310
285 4317.000000 164.429415
286 4319.000000 161.116290
287 4321.000000 163.711580
288 4323.000000 163.927291
289 4325.000000 162.510324
290 4327.000000 156.565443
291 4329.000000 148.265681
292 4331.000000 141.084944
293 4333.000000 137.703218
294 4335.000000 136.291443
295 4337.000000 136.899044
296 4339.000000 137.879608
297 4341.000000 143.315705
298 4343.000000 155.063199
299 4345.000000 168.216791
300 4347.000000 182.031576
301 4349.000000 189.528176
302 4351.000000 184.557373
303 4353.000000 180.929199
304 4355.000000 167.328323
305 4357.000000 164.144241
306 4359.000000 173.521912
307 4361.000000 185.813599
308 4363.000000 185.365372
309 4365.000000 180.460815
310 4367.000000 175.944626
311 4369.000000 174.068848
312 4371.000000 174.060349
313 4373.000000 175.921860
314 4375.000000 177.450549
315 4377.000000 178.285098
316 4379.000000 178.271874
317 4381.000000 178.567868
318 4383.000000 173.772286
319 4385.000000 176.106199
320 4387.000000 183.196623
321 4389.000000 188.840606
322 4391.000000 194.091038
323 4393.000000 197.539401
324 4395.000000 198.410549
325 4397.000000 197.745139
326 4399.000000 196.311031
327 4401.000000 189.015309
328 4403.000000 184.358978
329 4405.000000 183.920547
330 4407.000000 184.020432
331 4409.000000 187.235214
332 4411.000000 180.484924
333 4413.000000 172.025436
334 4415.000000 164.830856
335 4417.000000 165.197327
336 4419.000000 169.123029
337 4421.000000 174.657490
338 4423.000000 178.539524
339 4425.000000 181.308796
340 4427.000000 188.605369
341 4429.000000 189.835694
342 4431.000000 189.728336
343 4433.000000 184.200808
344 4435.000000 178.534154
345 4437.000000 176.377937
346 4439.000000 180.891998
347 4441.000000 188.678223
348 4443.000000 195.869308
349 4445.000000 193.136429
350 4447.000000 192.086960
351 4449.000000 194.839493
352 4451.000000 196.786789
353 4453.000000 198.018829
354 4455.000000 196.705948
355 4457.000000 197.229279
356 4459.000000 198.312561
357 4461.000000 196.668884
358 4463.000000 195.079712
359 4465.000000 192.006622
360 4467.000000 192.615646
361 4469.000000 195.273193
362 4471.000000 197.932999
363 4473.000000 197.291992
364 4475.000000 197.703995
365 4477.000000 200.515411
366 4479.000000 205.088837
367 4481.000000 205.132401
368 4483.000000 200.036819
369 4485.000000 194.666992
370 4487.000000 187.071732
371 4489.000000 183.526581
372 4491.000000 184.086349
373 4493.000000 186.614288
374 4495.000000 190.927948
375 4497.000000 192.774170
376 4499.000000 194.219543
377 4501.000000 197.015549
378 4503.000000 200.646502
379 4505.000000 206.950195
380 4507.000000 211.563503
381 4509.000000 208.568013
382 4511.000000 203.985497
383 4513.000000 202.143073
384 4515.000000 204.455093
385 4517.000000 208.868927
386 4519.000000 208.707794
387 4521.000000 205.036774
388 4523.000000 202.012085
389 4525.000000 200.666519
390 4527.000000 201.519699
391 4529.000000 203.591097
392 4531.000000 209.501384
393 4533.000000 214.345648
394 4535.000000 218.104450
395 4537.000000 221.539090
396 4539.000000 223.298605
397 4541.000000 221.269760
398 4543.000000 218.405701
399 4545.000000 214.441666
400 4547.000000 210.849716
401 4549.000000 210.226028
402 4551.000000 211.609283
403 4553.000000 212.383575
404 4555.000000 208.925354
405 4557.000000 199.939270
406 4559.000000 193.004410
407 4561.000000 189.457123
408 4563.000000 189.991170
409 4565.000000 191.608920
410 4567.000000 196.359645
411 4569.000000 202.479887
412 4571.000000 207.600519
413 4573.000000 209.024848
414 4575.000000 207.047556
415 4577.000000 204.637179
416 4579.000000 201.622369
417 4581.000000 199.419522
418 4583.000000 198.646641
419 4585.000000 199.563930
420 4587.000000 201.958036
421 4589.000000 208.077091
422 4591.000000 213.200569
423 4593.000000 213.739778
424 4595.000000 213.377726
425 4597.000000 211.031860
426 4599.000000 210.916365
427 4601.000000 212.964717
428 4603.000000 214.016665
429 4605.000000 214.501648
430 4607.000000 215.168428
431 4609.000000 213.543689
432 4611.000000 209.675201
433 4613.000000 205.151337
434 4615.000000 203.958267
435 4617.000000 205.427017
436 4619.000000 208.335480
437 4621.000000 209.113159
438 4623.000000 210.112061
439 4625.000000 208.783767
440 4627.000000 206.888031
441 4629.000000 206.023841
442 4631.000000 206.615947
443 4633.000000 206.583957
444 4635.000000 207.776237
445 4637.000000 211.326969
446 4639.000000 215.377556
447 4641.000000 219.213684
448 4643.000000 221.389786
449 4645.000000 222.570480
450 4647.000000 221.479248
451 4649.000000 221.307770
452 4651.000000 221.648026
453 4653.000000 221.345215
454 4655.000000 222.079468
455 4657.000000 222.653000
456 4659.000000 220.713623
457 4661.000000 220.808502
458 4663.000000 221.073593
459 4665.000000 221.234589
460 4667.000000 216.069351
461 4669.000000 212.996689
462 4671.000000 210.823959
463 4673.000000 209.052094
464 4675.000000 208.915833
465 4677.000000 206.692230
466 4679.000000 203.490204
467 4681.000000 202.752304
468 4683.000000 205.711288
469 4685.000000 208.183638
470 4687.000000 211.140510
471 4689.000000 213.896944
472 4691.000000 217.761194
473 4693.000000 219.509618
474 4695.000000 216.632238
475 4697.000000 208.715907
476 4699.000000 201.188427
477 4701.000000 197.011510
478 4703.000000 199.541748
479 4705.000000 206.286270
480 4707.000000 211.077591
481 4709.000000 211.919113
482 4711.000000 210.186539
483 4713.000000 208.467728
484 4715.000000 209.659607
485 4717.000000 211.318420
486 4719.000000 212.147018
487 4721.000000 212.219009
488 4723.000000 212.379425
489 4725.000000 212.986099
490 4727.000000 212.862126
491 4729.000000 211.491409
492 4731.000000 207.967757
493 4733.000000 204.972704
494 4735.000000 202.494326
495 4737.000000 202.430968
496 4739.000000 202.481175
497 4741.000000 203.411240
498 4743.000000 204.780197
499 4745.000000 205.961990
500 4747.000000 207.747879
501 4749.000000 211.875458
502 4751.000000 215.829208
503 4753.000000 220.001236
504 4755.000000 222.509979
505 4757.000000 220.066437
506 4759.000000 216.471542
507 4761.000000 210.686676
508 4763.000000 205.704376
509 4765.000000 204.523636
510 4767.000000 207.587967
511 4769.000000 211.583359
512 4771.000000 213.564117
513 4773.000000 215.250381
514 4775.000000 216.267940
515 4777.000000 217.408277
516 4779.000000 219.671022
517 4781.000000 220.852254
518 4783.000000 219.978848
519 4785.000000 218.256863
520 4787.000000 214.606861
521 4789.000000 214.038962
522 4791.000000 213.491961
523 4793.000000 212.862091
524 4795.000000 210.683960
525 4797.000000 205.653458
526 4799.000000 204.002106
527 4801.000000 206.138565
528 4803.000000 209.250366
529 4805.000000 213.147522
530 4807.000000 215.883286
531 4809.000000 218.943130
532 4811.000000 221.167892
533 4813.000000 220.017578
534 4815.000000 216.423569
535 4817.000000 214.952896
536 4819.000000 212.460142
537 4821.000000 212.613648
538 4823.000000 212.838875
539 4825.000000 215.117287
540 4827.000000 219.800657
541 4829.000000 223.625070
542 4831.000000 223.517731
543 4833.000000 221.123767
544 4835.000000 220.333343
545 4837.000000 220.757523
546 4839.000000 217.433746
547 4841.000000 216.280273
548 4843.000000 215.774002
549 4845.000000 218.675217
550 4847.000000 220.858719
551 4849.000000 223.103426
552 4851.000000 224.218526
553 4853.000000 224.403222
554 4855.000000 221.589019
555 4857.000000 219.098229
556 4859.000000 217.713780
557 4861.000000 216.848126
558 4863.000000 215.386078
559 4865.000000 214.161423
560 4867.000000 214.397018
561 4869.000000 215.014313
562 4871.000000 215.011169
563 4873.000000 213.372772
564 4875.000000 210.813034
565 4877.000000 210.082596
566 4879.000000 210.938507
567 4881.000000 212.274139
568 4883.000000 210.495270
569 4885.000000 206.720871
570 4887.000000 203.167236
571 4889.000000 198.016663
572 4891.000000 201.974091
573 4893.000000 221.105107
574 4895.000000 238.853522
575 4897.000000 239.926963
576 4899.000000 221.202912
577 4901.000000 202.744379
578 4903.000000 193.741406
579 4905.000000 192.204138
580 4907.000000 192.599565
581 4909.000000 197.459008
582 4911.000000 203.967782
583 4913.000000 206.964264
584 4915.000000 210.019287
585 4917.000000 207.727921
586 4919.000000 204.511978
587 4921.000000 201.772385
588 4923.000000 199.430969
589 4925.000000 200.458206
590 4927.000000 206.008026
591 4929.000000 215.686157
592 4931.000000 224.312042
593 4933.000000 223.026886
594 4935.000000 221.354797
595 4937.000000 220.431473
596 4939.000000 218.713745
597 4941.000000 217.101944
598 4943.000000 215.804230
599 4945.000000 215.261322
600 4947.000000 214.945801
601 4949.000000 215.580688
602 4951.000000 211.336893
603 4953.000000 203.934186
604 4955.000000 198.118859
605 4957.000000 200.423263
606 4959.000000 205.651785
607 4961.000000 214.114094
608 4963.000000 221.441524
609 4965.000000 222.184613
610 4967.000000 219.419468
611 4969.000000 214.751450
612 4971.000000 210.118149
613 4973.000000 209.153198
614 4975.000000 213.061096
615 4977.000000 217.516449
616 4979.000000 222.472565
617 4981.000000 226.191284
618 4983.000000 225.821777
619 4985.000000 226.603897
620 4987.000000 224.845169
621 4989.000000 220.530701
622 4991.000000 216.972336
623 4993.000000 216.889374
624 4995.000000 220.288345
625 4997.000000 221.893051
626 4999.000000 218.688034
627 5001.000000 214.783447
628 5003.000000 213.120422
629 5005.000000 215.006226
630 5007.000000 217.303116
631 5009.000000 219.088333
632 5011.000000 219.365875
633 5013.000000 213.491074
634 5015.000000 206.403168
635 5017.000000 201.259995
636 5019.000000 199.556137
637 5021.000000 201.735840
638 5023.000000 207.330933
639 5025.000000 211.256592
640 5027.000000 212.773215
641 5029.000000 213.197107
642 5031.000000 213.140695
643 5033.000000 210.758166
644 5035.000000 206.738019
645 5037.000000 205.061751
646 5039.000000 209.532420
647 5041.000000 219.966760
648 5043.000000 221.291885
649 5045.000000 216.106445
650 5047.000000 206.694611
651 5049.000000 198.885086
652 5051.000000 194.651733
653 5053.000000 195.300858
654 5055.000000 196.335556
655 5057.000000 198.485091
656 5059.000000 200.691385
657 5061.000000 203.025719
658 5063.000000 207.169781
659 5065.000000 210.406750
660 5067.000000 212.467099
661 5069.000000 211.589111
662 5071.000000 207.285873
663 5073.000000 201.727890
664 5075.000000 196.616135
665 5077.000000 196.716293
666 5079.000000 202.561798
667 5081.000000 209.113602
668 5083.000000 210.260269
669 5085.000000 208.007294
670 5087.000000 207.271622
671 5089.000000 208.797211
672 5091.000000 213.614273
673 5093.000000 217.582962
674 5095.000000 219.699524
675 5097.000000 219.701111
676 5099.000000 215.137550
677 5101.000000 210.626194
678 5103.000000 207.352188
679 5105.000000 206.509061
680 5107.000000 207.428397
681 5109.000000 208.477049
682 5111.000000 207.459915
683 5113.000000 203.036057
684 5115.000000 198.894613
685 5117.000000 196.846162
686 5119.000000 198.627005
687 5121.000000 202.954580
688 5123.000000 207.303298
689 5125.000000 211.122711
690 5127.000000 213.885193
691 5129.000000 213.860886
692 5131.000000 210.556048
693 5133.000000 205.838211
694 5135.000000 203.319626
695 5137.000000 204.002762
696 5139.000000 204.764957
697 5141.000000 204.701315
698 5143.000000 203.214326
699 5145.000000 202.696002
700 5147.000000 204.156972
701 5149.000000 208.106613
702 5151.000000 211.972122
703 5153.000000 213.483749
704 5155.000000 212.806351
705 5157.000000 208.789673
706 5159.000000 203.210449
707 5161.000000 197.969849
708 5163.000000 195.994095
709 5165.000000 197.371572
710 5167.000000 201.201734
711 5169.000000 204.050367
712 5171.000000 204.336270
713 5173.000000 202.628757
714 5175.000000 200.705641
715 5177.000000 199.464005
716 5179.000000 198.306183
717 5181.000000 197.626389
718 5183.000000 196.762358
719 5185.000000 196.138779
720 5187.000000 196.327346
721 5189.000000 197.188465
722 5191.000000 200.559606
723 5193.000000 205.249599
724 5195.000000 208.504333
725 5197.000000 206.629349
726 5199.000000 199.895760
727 5201.000000 187.352914
728 5203.000000 175.385619
729 5205.000000 165.987988
730 5207.000000 162.620130
731 5209.000000 166.318855
732 5211.000000 176.157907
733 5213.000000 185.865689
734 5215.000000 189.029496
735 5217.000000 184.038335
736 5219.000000 177.625131
737 5221.000000 176.749664
738 5223.000000 183.554596
739 5225.000000 191.711227
740 5227.000000 195.891617
741 5229.000000 196.036850
742 5231.000000 197.970459
743 5233.000000 202.935335
744 5235.000000 208.371336
745 5237.000000 209.785384
746 5239.000000 205.770453
747 5241.000000 198.354898
748 5243.000000 191.725357
749 5245.000000 189.985572
750 5247.000000 194.597593
751 5249.000000 200.938486
752 5251.000000 205.957517
753 5253.000000 208.342667
754 5255.000000 211.131714
755 5257.000000 213.238266
756 5259.000000 210.141388
757 5261.000000 203.567200
758 5263.000000 198.210156
759 5265.000000 197.754189
760 5267.000000 201.512282
761 5269.000000 205.915896
762 5271.000000 209.415792
763 5273.000000 212.221813
764 5275.000000 216.211404
765 5277.000000 219.470520
766 5279.000000 219.953705
767 5281.000000 219.199127
768 5283.000000 215.739243
769 5285.000000 212.161835
770 5287.000000 209.869888
771 5289.000000 209.878067
772 5291.000000 212.543900
773 5293.000000 215.982422
774 5295.000000 217.269073
775 5297.000000 213.695908
776 5299.000000 205.512268
777 5301.000000 194.868057
778 5303.000000 186.838455
779 5305.000000 183.863571
780 5307.000000 185.705276
781 5309.000000 192.063370
782 5311.000000 199.967804
783 5313.000000 207.503098
784 5315.000000 212.845840
785 5317.000000 214.647827
786 5319.000000 214.192032
787 5321.000000 215.908920
788 5323.000000 220.862167
789 5325.000000 225.928146
790 5327.000000 228.999039
791 5329.000000 229.787003
792 5331.000000 225.341736
793 5333.000000 219.161575
794 5335.000000 214.160187
795 5337.000000 213.464371
796 5339.000000 217.858017
797 5341.000000 223.669327
798 5343.000000 227.927689
799 5345.000000 230.436432
800 5347.000000 231.556595
801 5349.000000 230.860794
802 5351.000000 229.333160
803 5353.000000 227.325089
804 5355.000000 225.427780
805 5357.000000 223.831192
806 5359.000000 221.366959
807 5361.000000 216.523315
808 5363.000000 209.273499
809 5365.000000 203.071243
810 5367.000000 202.212051
811 5369.000000 208.605240
812 5371.000000 216.865677
813 5373.000000 221.814621
814 5375.000000 222.072021
815 5377.000000 218.983429
816 5379.000000 217.314423
817 5381.000000 217.922913
818 5383.000000 219.143448
819 5385.000000 220.091324
820 5387.000000 221.681610
821 5389.000000 225.505722
822 5391.000000 230.494431
823 5393.000000 234.535446
824 5395.000000 236.604782
825 5397.000000 235.355835
826 5399.000000 231.007034
827 5401.000000 226.300858
828 5403.000000 221.871964
829 5405.000000 216.931534
830 5407.000000 212.962418
831 5409.000000 212.256683
832 5411.000000 215.870178
833 5413.000000 221.772263
834 5415.000000 226.243103
835 5417.000000 227.174652
836 5419.000000 226.296829
837 5421.000000 225.452026
838 5423.000000 225.246582
839 5425.000000 224.849976
840 5427.000000 222.577148
841 5429.000000 218.860062
842 5431.000000 215.270996
843 5433.000000 212.069092
844 5435.000000 211.259262
845 5437.000000 212.286743
846 5439.000000 212.344482
847 5441.000000 209.525284
848 5443.000000 206.638046
849 5445.000000 204.744241
850 5447.000000 206.366190
851 5449.000000 210.512938
852 5451.000000 216.107261
853 5453.000000 221.398148
854 5455.000000 224.484641
855 5457.000000 223.368912
856 5459.000000 221.843109
857 5461.000000 222.083282
858 5463.000000 222.461273
859 5465.000000 222.321594
860 5467.000000 219.646347
861 5469.000000 216.093491
862 5471.000000 214.009903
863 5473.000000 214.664032
864 5475.000000 218.802185
865 5477.000000 224.659668
866 5479.000000 228.702682
867 5481.000000 228.863525
868 5483.000000 224.570740
869 5485.000000 219.649338
870 5487.000000 218.150299
871 5489.000000 218.581207
872 5491.000000 218.929382
873 5493.000000 218.079681
874 5495.000000 217.828979
875 5497.000000 219.323380
876 5499.000000 220.734924
877 5501.000000 220.795044
878 5503.000000 220.673248
879 5505.000000 221.021835
880 5507.000000 221.374252
881 5509.000000 220.336945
882 5511.000000 218.071777
883 5513.000000 214.937302
884 5515.000000 212.316925
885 5517.000000 211.200806
886 5519.000000 212.914337
887 5521.000000 216.661179
888 5523.000000 219.452347
889 5525.000000 220.260605
890 5527.000000 219.949387
891 5529.000000 220.643311
892 5531.000000 221.594772
893 5533.000000 221.693161
894 5535.000000 222.026840
895 5537.000000 222.600800
896 5539.000000 222.298340
897 5541.000000 220.648666
898 5543.000000 218.623108
899 5545.000000 217.865219
900 5547.000000 218.327881
901 5549.000000 217.495939
902 5551.000000 216.213670
903 5553.000000 216.766601
904 5555.000000 219.546554
905 5557.000000 223.711914
906 5559.000000 226.988599
907 5561.000000 227.901402
908 5563.000000 225.831238
909 5565.000000 222.806107
910 5567.000000 220.348175
911 5569.000000 220.911470
912 5571.000000 223.138813
913 5573.000000 224.628982
914 5575.000000 214.824077
915 5577.000000 219.475341
916 5579.000000 233.944881
917 5581.000000 241.934462
918 5583.000000 235.315651
919 5585.000000 229.816257
920 5587.000000 229.913337
921 5589.000000 231.966270
922 5591.000000 232.250812
923 5593.000000 230.695366
924 5595.000000 229.422381
925 5597.000000 227.958389
926 5599.000000 226.532166
927 5601.000000 225.536077
928 5603.000000 223.774617
929 5605.000000 222.397960
930 5607.000000 221.035612
931 5609.000000 220.319752
932 5611.000000 220.915455
933 5613.000000 221.934995
934 5615.000000 223.828396
935 5617.000000 225.976695
936 5619.000000 226.217355
937 5621.000000 224.771333
938 5623.000000 222.362885
939 5625.000000 217.580505
940 5627.000000 212.674088
941 5629.000000 211.651245
942 5631.000000 213.051053
943 5633.000000 215.434794
944 5635.000000 218.068806
945 5637.000000 218.826544
946 5639.000000 218.332987
947 5641.000000 216.998024
948 5643.000000 218.508673
949 5645.000000 223.233455
950 5647.000000 227.968771
951 5649.000000 230.790300
952 5651.000000 230.032349
953 5653.000000 226.099854
954 5655.000000 221.486176
955 5657.000000 219.306046
956 5659.000000 219.183762
957 5661.000000 219.593384
958 5663.000000 219.913605
959 5665.000000 220.686874
960 5667.000000 222.496353
961 5669.000000 224.576096
962 5671.000000 226.032196
963 5673.000000 225.803741
964 5675.000000 223.824936
965 5677.000000 222.043335
966 5679.000000 220.565460
967 5681.000000 219.058243
968 5683.000000 219.010544
969 5685.000000 220.693802
970 5687.000000 222.654465
971 5689.000000 223.869553
972 5691.000000 224.389709
973 5693.000000 224.126617
974 5695.000000 221.652939
975 5697.000000 217.856705
976 5699.000000 214.750610
977 5701.000000 214.206650
978 5703.000000 216.272324
979 5705.000000 218.642516
980 5707.000000 220.318280
981 5709.000000 222.328970
982 5711.000000 224.294016
983 5713.000000 226.301749
984 5715.000000 228.098938
985 5717.000000 228.470108
986 5719.000000 226.867111
987 5721.000000 224.365143
988 5723.000000 222.114685
989 5725.000000 220.807831
990 5727.000000 220.615860
991 5729.000000 222.196030
992 5731.000000 224.176559
993 5733.000000 226.389496
994 5735.000000 227.953567
995 5737.000000 227.234393
996 5739.000000 224.171243
997 5741.000000 220.431240
998 5743.000000 218.374256
999 5745.000000 217.246392
1000 5747.000000 215.187515
1001 5749.000000 212.464401
1002 5751.000000 212.159624
1003 5753.000000 215.641551
1004 5755.000000 220.499183
1005 5757.000000 224.711400
1006 5759.000000 228.636088
1007 5761.000000 231.686743
1008 5763.000000 232.578566
1009 5765.000000 231.436453
1010 5767.000000 229.097068
1011 5769.000000 227.561727
1012 5771.000000 228.040915
1013 5773.000000 229.554012
1014 5775.000000 229.922690
1015 5777.000000 229.288002
1016 5779.000000 228.600355
1017 5781.000000 228.230423
1018 5783.000000 228.801514
1019 5785.000000 229.369781
1020 5787.000000 228.672562
1021 5789.000000 228.136581
1022 5791.000000 227.916901
1023 5793.000000 227.267136
1024 5795.000000 227.750687
1025 5797.000000 228.938354
1026 5799.000000 229.493286
1027 5801.000000 229.239334
1028 5803.000000 228.821243
1029 5805.000000 229.803101
1030 5807.000000 232.251999
1031 5809.000000 234.323471
1032 5811.000000 234.304886
1033 5813.000000 233.446793
1034 5815.000000 231.899445
1035 5817.000000 229.892273
1036 5819.000000 227.177963
1037 5821.000000 222.943176
1038 5823.000000 219.289597
1039 5825.000000 217.811890
1040 5827.000000 219.044400
1041 5829.000000 222.725047
1042 5831.000000 226.658601
1043 5833.000000 229.441853
1044 5835.000000 231.456005
1045 5837.000000 232.493583
1046 5839.000000 232.643107
1047 5841.000000 233.601959
1048 5843.000000 234.570007
1049 5845.000000 234.309764
1050 5847.000000 233.657366
1051 5849.000000 233.297604
1052 5851.000000 233.673093
1053 5853.000000 234.285670
1054 5855.000000 233.897300
1055 5857.000000 233.322037
1056 5859.000000 234.016575
1057 5861.000000 235.978378
1058 5863.000000 237.519354
1059 5865.000000 237.645851
1060 5867.000000 237.197786
1061 5869.000000 237.150126
1062 5871.000000 237.882318
1063 5873.000000 237.855448
1064 5875.000000 236.337219
1065 5877.000000 235.570282
1066 5879.000000 235.998932
1067 5881.000000 236.492294
1068 5883.000000 236.990860
1069 5885.000000 235.621292
1070 5887.000000 228.288193
1071 5889.000000 221.895332
1072 5891.000000 223.802408
1073 5893.000000 224.391790
1074 5895.000000 221.187836
1075 5897.000000 219.150303
1076 5899.000000 220.694091
1077 5901.000000 222.924362
1078 5903.000000 224.284927
1079 5905.000000 225.972351
1080 5907.000000 227.597198
1081 5909.000000 228.354614
1082 5911.000000 229.321106
1083 5913.000000 231.029800
1084 5915.000000 232.962936
1085 5917.000000 234.376892
1086 5919.000000 233.260587
1087 5921.000000 229.461928
1088 5923.000000 225.719271
1089 5925.000000 222.783121
1090 5927.000000 216.355635
1091 5929.000000 204.569945
1092 5931.000000 192.082326
1093 5933.000000 185.534949
1094 5935.000000 185.291056
1095 5937.000000 189.049987
1096 5939.000000 195.330776
1097 5941.000000 203.172057
1098 5943.000000 211.513046
1099 5945.000000 218.075470
1100 5947.000000 221.505173
1101 5949.000000 223.275284
1102 5951.000000 223.791519
1103 5953.000000 222.904327
1104 5955.000000 221.978104
1105 5957.000000 222.379837
1106 5959.000000 223.294785
1107 5961.000000 224.466631
1108 5963.000000 225.355124
1109 5965.000000 225.514110
1110 5967.000000 224.968416
1111 5969.000000 224.358583
1112 5971.000000 224.360444
1113 5973.000000 224.558907
1114 5975.000000 224.653885
1115 5977.000000 225.602036
1116 5979.000000 226.705185
1117 5981.000000 227.169128
1118 5983.000000 227.226471
1119 5985.000000 227.169540
1120 5987.000000 226.771561
1121 5989.000000 226.141983
1122 5991.000000 225.518295
1123 5993.000000 224.122772
1124 5995.000000 222.916031
1125 5997.000000 222.750397
1126 5999.000000 223.575226
1127 6001.000000 225.147644
1128 6003.000000 226.380692
1129 6005.000000 227.161438
1130 6007.000000 227.415222
1131 6009.000000 227.317017
1132 6011.000000 228.030731
1133 6013.000000 228.767410
1134 6015.000000 228.573883
1135 6017.000000 226.922684
1136 6019.000000 224.451500
1137 6021.000000 223.037029
1138 6023.000000 222.813295
1139 6025.000000 222.077075
1140 6027.000000 220.937660
1141 6029.000000 221.335980
1142 6031.000000 223.043908
1143 6033.000000 225.166255
1144 6035.000000 226.936874
1145 6037.000000 226.881775
1146 6039.000000 225.247299
1147 6041.000000 223.748749
1148 6043.000000 223.247086
1149 6045.000000 222.719330
1150 6047.000000 222.452545
1151 6049.000000 221.557053
1152 6051.000000 220.459396
1153 6053.000000 220.586670
1154 6055.000000 221.635483
1155 6057.000000 221.460938
1156 6059.000000 220.692505
1157 6061.000000 220.636078
1158 6063.000000 220.857971
1159 6065.000000 221.147644
1160 6067.000000 222.274933
1161 6069.000000 224.189301
1162 6071.000000 226.118637
1163 6073.000000 228.024994
1164 6075.000000 229.934998
1165 6077.000000 230.905258
1166 6079.000000 230.390141
1167 6081.000000 229.677964
1168 6083.000000 229.711226
1169 6085.000000 230.263741
1170 6087.000000 230.850487
1171 6089.000000 231.406364
1172 6091.000000 231.816932
1173 6093.000000 231.182372
1174 6095.000000 230.495239
1175 6097.000000 229.713425
1176 6099.000000 228.316437
1177 6101.000000 227.737061
1178 6103.000000 227.280579
1179 6105.000000 226.732300
1180 6107.000000 226.032715
1181 6109.000000 225.926590
1182 6111.000000 227.721359
1183 6113.000000 229.986298
1184 6115.000000 231.547836
1185 6117.000000 231.893600
1186 6119.000000 229.918381
1187 6121.000000 226.883102
1188 6123.000000 224.644170
1189 6125.000000 223.746971
1190 6127.000000 223.623537
1191 6129.000000 223.292502
1192 6131.000000 223.417805
1193 6133.000000 223.446686
1194 6135.000000 223.715439
1195 6137.000000 224.228333
1196 6139.000000 225.082230
1197 6141.000000 225.191483
1198 6143.000000 223.771179
1199 6145.000000 221.743286
1200 6147.000000 220.069000
1201 6149.000000 220.695404
1202 6151.000000 222.943253
1203 6153.000000 225.060043
1204 6155.000000 226.542435
1205 6157.000000 226.529205
1206 6159.000000 225.772430
1207 6161.000000 223.936127
1208 6163.000000 220.777618
1209 6165.000000 218.084442
1210 6167.000000 217.802490
1211 6169.000000 219.182602
1212 6171.000000 220.996140
1213 6173.000000 222.727844
1214 6175.000000 222.643570
1215 6177.000000 219.411194
1216 6179.000000 215.174103
1217 6181.000000 213.359161
1218 6183.000000 214.873138
1219 6185.000000 218.531067
1220 6187.000000 221.550781
1221 6189.000000 222.562958
1222 6191.000000 222.091339
1223 6193.000000 221.292648
1224 6195.000000 220.699188
1225 6197.000000 219.829865
1226 6199.000000 217.728043
1227 6201.000000 214.106796
1228 6203.000000 209.353317
1229 6205.000000 204.636520
1230 6207.000000 202.253433
1231 6209.000000 202.911774
1232 6211.000000 204.968613
1233 6213.000000 206.970230
1234 6215.000000 208.536392
1235 6217.000000 210.720688
1236 6219.000000 213.655792
1237 6221.000000 215.910271
1238 6223.000000 217.540755
1239 6225.000000 218.783253
1240 6227.000000 218.087394
1241 6229.000000 215.895336
1242 6231.000000 213.596390
1243 6233.000000 210.254700
1244 6235.000000 208.021469
1245 6237.000000 210.181808
1246 6239.000000 213.916351
1247 6241.000000 215.665766
1248 6243.000000 216.101512
1249 6245.000000 216.759278
1250 6247.000000 217.913569
1251 6249.000000 219.852813
1252 6251.000000 220.330460
1253 6253.000000 218.649078
1254 6255.000000 214.509171
1255 6257.000000 210.704346
1256 6259.000000 208.475653
1257 6261.000000 207.747510
1258 6263.000000 207.856086
1259 6265.000000 208.599085
1260 6267.000000 209.129167
1261 6269.000000 209.817487
1262 6271.000000 208.696213
1263 6273.000000 205.069016
1264 6275.000000 200.688986
1265 6277.000000 198.437878
1266 6279.000000 199.483042
1267 6281.000000 201.962994
1268 6283.000000 203.078876
1269 6285.000000 201.993045
1270 6287.000000 200.616272
1271 6289.000000 200.430244
1272 6291.000000 201.266031
1273 6293.000000 203.095935
1274 6295.000000 204.904396
1275 6297.000000 200.690440
1276 6299.000000 193.972710
1277 6301.000000 196.225888
1278 6303.000000 201.241223
1279 6305.000000 205.430094
1280 6307.000000 208.202862
1281 6309.000000 210.492142
1282 6311.000000 211.419025
1283 6313.000000 211.293120
1284 6315.000000 210.931553
1285 6317.000000 211.717240
1286 6319.000000 212.605529
1287 6321.000000 213.026334
1288 6323.000000 212.273773
1289 6325.000000 210.945206
1290 6327.000000 210.305023
1291 6329.000000 211.369354
1292 6331.000000 213.854797
1293 6333.000000 215.665833
1294 6335.000000 216.515488
1295 6337.000000 216.086487
1296 6339.000000 215.541687
1297 6341.000000 215.411545
1298 6343.000000 216.424973
1299 6345.000000 217.123077
1300 6347.000000 216.298702
1301 6349.000000 215.201261
1302 6351.000000 215.392749
1303 6353.000000 215.548840
1304 6355.000000 214.151317
1305 6357.000000 213.171249
1306 6359.000000 211.527863
1307 6361.000000 208.477646
1308 6363.000000 207.120743
1309 6365.000000 209.583497
1310 6367.000000 212.922025
1311 6369.000000 215.661477
1312 6371.000000 217.588361
1313 6373.000000 218.445677
1314 6375.000000 217.924332
1315 6377.000000 216.569534
1316 6379.000000 215.065567
1317 6381.000000 214.033813
1318 6383.000000 213.918716
1319 6385.000000 214.050140
1320 6387.000000 213.640610
1321 6389.000000 213.285767
1322 6391.000000 214.117279
1323 6393.000000 216.028656
1324 6395.000000 217.277496
1325 6397.000000 217.078781
1326 6399.000000 215.617340
1327 6401.000000 213.137512
1328 6403.000000 210.866621
1329 6405.000000 209.235554
1330 6407.000000 209.003701
1331 6409.000000 210.498894
1332 6411.000000 212.960654
1333 6413.000000 216.217845
1334 6415.000000 218.989278
1335 6417.000000 220.430797
1336 6419.000000 221.235363
1337 6421.000000 221.070679
1338 6423.000000 220.222427
1339 6425.000000 219.446930
1340 6427.000000 218.853851
1341 6429.000000 219.214508
1342 6431.000000 220.158020
1343 6433.000000 220.348770
1344 6435.000000 219.432251
1345 6437.000000 217.515503
1346 6439.000000 215.785828
1347 6441.000000 215.043076
1348 6443.000000 214.628922
1349 6445.000000 214.886780
1350 6447.000000 216.276016
1351 6449.000000 217.940674
1352 6451.000000 218.033768
1353 6453.000000 217.024078
1354 6455.000000 216.189194
1355 6457.000000 215.479660
1356 6459.000000 215.046371
1357 6461.000000 215.223938
1358 6463.000000 215.290237
1359 6465.000000 214.753815
1360 6467.000000 214.497238
1361 6469.000000 216.024796
1362 6471.000000 218.225922
1363 6473.000000 218.056564
1364 6475.000000 215.950958
1365 6477.000000 214.703339
1366 6479.000000 214.768433
1367 6481.000000 215.340149
1368 6483.000000 216.375351
1369 6485.000000 217.695541
1370 6487.000000 219.131561
1371 6489.000000 220.636108
1372 6491.000000 220.365027
1373 6493.000000 217.086322
1374 6495.000000 212.927946
1375 6497.000000 211.171718
1376 6499.000000 213.027559
1377 6501.000000 216.061162
1378 6503.000000 218.523519
1379 6505.000000 219.287259
1380 6507.000000 218.221999
1381 6509.000000 216.914280
1382 6511.000000 216.559174
1383 6513.000000 217.302505
1384 6515.000000 217.986694
1385 6517.000000 218.606430
1386 6519.000000 219.614594
1387 6521.000000 220.405609
1388 6523.000000 220.239182
1389 6525.000000 219.367050
1390 6527.000000 218.188721
1391 6529.000000 217.101303
1392 6531.000000 216.158493
1393 6533.000000 215.851303
1394 6535.000000 214.471149
1395 6537.000000 210.615262
1396 6539.000000 205.775169
1397 6541.000000 201.281905
1398 6543.000000 200.095085
1399 6545.000000 202.606097
1400 6547.000000 207.007919
1401 6549.000000 211.827133
1402 6551.000000 215.123611
1403 6553.000000 217.153900
1404 6555.000000 218.802185
1405 6557.000000 219.448541
1406 6559.000000 219.346027
1407 6561.000000 218.484839
1408 6563.000000 217.434316
1409 6565.000000 217.273220
1410 6567.000000 218.321037
1411 6569.000000 219.529182
1412 6571.000000 219.997437
1413 6573.000000 219.635925
1414 6575.000000 219.302551
1415 6577.000000 219.947464
1416 6579.000000 220.070038
1417 6581.000000 220.199020
1418 6583.000000 221.549011
1419 6585.000000 222.943970
1420 6587.000000 224.517136
1421 6589.000000 228.778534
1422 6591.000000 238.376358
1423 6593.000000 250.407994
1424 6595.000000 256.796912
1425 6597.000000 251.127252
1426 6599.000000 236.332923
1427 6601.000000 225.019832
1428 6603.000000 233.113082
1429 6605.000000 279.574890
1430 6607.000000 361.541229
1431 6609.000000 430.488249
1432 6611.000000 429.007416
1433 6613.000000 358.464921
1434 6615.000000 275.861801
1435 6617.000000 227.795371
1436 6619.000000 213.469496
1437 6621.000000 213.299305
1438 6623.000000 219.909577
1439 6625.000000 239.474437
1440 6627.000000 276.504802
1441 6629.000000 316.318359
1442 6631.000000 330.331726
1443 6633.000000 307.494995
1444 6635.000000 266.237030
1445 6637.000000 232.063217
1446 6639.000000 215.949814
1447 6641.000000 212.012605
1448 6643.000000 212.059681
1449 6645.000000 212.813350
1450 6647.000000 214.711539
1451 6649.000000 215.995133
1452 6651.000000 215.982169
1453 6653.000000 215.101151
1454 6655.000000 213.717743
1455 6657.000000 214.018600
1456 6659.000000 215.408208
1457 6661.000000 217.451033
1458 6663.000000 219.244846
1459 6665.000000 219.377851
1460 6667.000000 218.408452
1461 6669.000000 217.269928
1462 6671.000000 216.674576
1463 6673.000000 215.953506
1464 6675.000000 214.976425
1465 6677.000000 213.543640
1466 6679.000000 212.442383
1467 6681.000000 211.269089
1468 6683.000000 212.107023
1469 6685.000000 213.482003
1470 6687.000000 214.342077
1471 6689.000000 214.078737
1472 6691.000000 214.161750
1473 6693.000000 214.372583
1474 6695.000000 214.628456
1475 6697.000000 215.066798
1476 6699.000000 215.340434
1477 6701.000000 215.190316
1478 6703.000000 214.690521
1479 6705.000000 214.011520
1480 6707.000000 212.527237
1481 6709.000000 210.982956
1482 6711.000000 208.991013
1483 6713.000000 208.674210
1484 6715.000000 210.239944
1485 6717.000000 212.637329
1486 6719.000000 214.288605
1487 6721.000000 214.373682
1488 6723.000000 213.613280
1489 6725.000000 211.368956
1490 6727.000000 210.464115
1491 6729.000000 211.501697
1492 6731.000000 212.607800
1493 6733.000000 213.413004
1494 6735.000000 213.286992
1495 6737.000000 213.982452
1496 6739.000000 213.431698
1497 6741.000000 212.106812
1498 6743.000000 210.873428
1499 6745.000000 210.827087
1500 6747.000000 211.160309
1501 6749.000000 210.934143
1502 6751.000000 210.948730
1503 6753.000000 211.941147
1504 6755.000000 211.692291
1505 6757.000000 213.016876
1506 6759.000000 219.756790
1507 6761.000000 233.270111
1508 6763.000000 247.142731
1509 6765.000000 252.325684
1510 6767.000000 242.152588
1511 6769.000000 225.399429
1512 6771.000000 215.186310
1513 6773.000000 215.497726
1514 6775.000000 224.272339
1515 6777.000000 236.826202
1516 6779.000000 243.393616
1517 6781.000000 238.499100
1518 6783.000000 226.930679
1519 6785.000000 215.662384
1520 6787.000000 209.392624
1521 6789.000000 207.579971
1522 6791.000000 207.011093
1523 6793.000000 206.168564
1524 6795.000000 205.591125
1525 6797.000000 205.235519
1526 6799.000000 205.526611
1527 6801.000000 207.301264
1528 6803.000000 207.999715
1529 6805.000000 209.286660
1530 6807.000000 210.403872
1531 6809.000000 211.188670
1532 6811.000000 210.805227
1533 6813.000000 208.754059
1534 6815.000000 207.774582
1535 6817.000000 207.736725
1536 6819.000000 207.909058
1537 6821.000000 208.441956
1538 6823.000000 209.745117
1539 6825.000000 210.686935
1540 6827.000000 212.024200
1541 6829.000000 211.249771
1542 6831.000000 207.263763
1543 6833.000000 206.003677
1544 6835.000000 207.009949
1545 6837.000000 206.342117
1546 6839.000000 206.478867
1547 6841.000000 208.559555
1548 6843.000000 208.507050
1549 6845.000000 207.624924
1550 6847.000000 208.289871
1551 6849.000000 209.021500
1552 6851.000000 209.354584
1553 6853.000000 208.676147
1554 6855.000000 208.526413
1555 6857.000000 207.081863
1556 6859.000000 204.735092
1557 6861.000000 206.836212
1558 6863.000000 209.009599
1559 6865.000000 209.586513
1560 6867.000000 203.309591
1561 6869.000000 209.734014
1562 6871.000000 224.574126
1563 6873.000000 226.960169
1564 6875.000000 224.934097
1565 6877.000000 224.444885
1566 6879.000000 220.152969
1567 6881.000000 218.323196
1568 6883.000000 213.644241
1569 6885.000000 207.979263
1570 6887.000000 211.326492
1571 6889.000000 211.723022
1572 6891.000000 210.347946
1573 6893.000000 211.371216
1574 6895.000000 214.325485
1575 6897.000000 214.273346
1576 6899.000000 217.221344
1577 6901.000000 215.251319
1578 6903.000000 216.229122
1579 6905.000000 211.415443
1580 6907.000000 211.672457
1581 6909.000000 210.741755
1582 6911.000000 212.133794
1583 6913.000000 214.980239
1584 6915.000000 213.987139
1585 6917.000000 211.788677
1586 6919.000000 213.000015
1587 6921.000000 214.637070
1588 6923.000000 220.936478
1589 6925.000000 217.656235
1590 6927.000000 212.572662
1591 6929.000000 212.401291
1592 6931.000000 214.924240
1593 6933.000000 214.056168
1594 6935.000000 213.650085
1595 6937.000000 215.329480
1596 6939.000000 219.599851
1597 6941.000000 223.373083
1598 6943.000000 219.322567
1599 6945.000000 217.538946
1600 6947.000000 220.735321
1601 6949.000000 224.165390
1602 6951.000000 219.820053
1603 6953.000000 214.284653
1604 6955.000000 215.600032
1605 6957.000000 219.392580
1606 6959.000000 218.803867
1607 6961.000000 219.375894
1608 6963.000000 216.027527
1609 6965.000000 215.396484
1610 6967.000000 213.344498
1611 6969.000000 212.613525
1612 6971.000000 212.329453
1613 6973.000000 210.276077
1614 6975.000000 209.200143
1615 6977.000000 212.291179
1616 6979.000000 215.144310
1617 6981.000000 212.222982
1618 6983.000000 210.990429
1619 6985.000000 210.359266
1620 6987.000000 209.206683
1621 6989.000000 211.713976
1622 6991.000000 211.068839
1623 6993.000000 210.778945
1624 6995.000000 210.137412
1625 6997.000000 208.985817
1626 6999.000000 208.615635
1627 7001.000000 208.626529
1628 7003.000000 210.033083
1629 7005.000000 208.785266
1630 7007.000000 206.327645
1631 7009.000000 212.559624
1632 7011.000000 214.434752
1633 7013.000000 213.054654
1634 7015.000000 212.262836
1635 7017.000000 211.480542
1636 7019.000000 211.661360
1637 7021.000000 211.352173
1638 7023.000000 208.480721
1639 7025.000000 202.280770
1640 7027.000000 204.882332
1641 7029.000000 205.487272
1642 7031.000000 208.454580
1643 7033.000000 211.712753
1644 7035.000000 213.210442
1645 7037.000000 213.310246
1646 7039.000000 212.989042
1647 7041.000000 212.769234
1648 7043.000000 212.669945
1649 7045.000000 212.045160
1650 7047.000000 210.278897
1651 7049.000000 210.657898
1652 7051.000000 209.062771
1653 7053.000000 208.211854
1654 7055.000000 205.482094
1655 7057.000000 208.574021
1656 7059.000000 208.701371
1657 7061.000000 208.920460
1658 7063.000000 207.938111
1659 7065.000000 206.245712
1660 7067.000000 206.468558
1661 7069.000000 207.060749
1662 7071.000000 207.449457
1663 7073.000000 207.407370
1664 7075.000000 207.339031
1665 7077.000000 207.317048
1666 7079.000000 205.582529
1667 7081.000000 206.804418
1668 7083.000000 210.539812
1669 7085.000000 210.153984
1670 7087.000000 210.186079
1671 7089.000000 212.367092
1672 7091.000000 212.737859
1673 7093.000000 214.198775
1674 7095.000000 214.670788
1675 7097.000000 214.717109
1676 7099.000000 213.930843
1677 7101.000000 210.556650
1678 7103.000000 206.805010
1679 7105.000000 202.922666
1680 7107.000000 200.833929
1681 7109.000000 200.489830
1682 7111.000000 197.870122
1683 7113.000000 193.443506
1684 7115.000000 197.933600
1685 7117.000000 197.506222
1686 7119.000000 193.310251
1687 7121.000000 198.964311
1688 7123.000000 200.346729
1689 7125.000000 202.170174
1690 7127.000000 202.792540
1691 7129.000000 202.297130
1692 7131.000000 202.026229
1693 7133.000000 197.326069
1694 7135.000000 195.484031
1695 7137.000000 192.308952
1696 7139.000000 191.453850
1697 7141.000000 190.746105
1698 7143.000000 190.005744
1699 7145.000000 192.351560
1700 7147.000000 193.437825
1701 7149.000000 194.040009
1702 7151.000000 195.011677
1703 7153.000000 193.895832
1704 7155.000000 195.399412
1705 7157.000000 194.107787
1706 7159.000000 192.742222
1707 7161.000000 193.069226
1708 7163.000000 186.465135
1709 7165.000000 194.878401
1710 7167.000000 198.843422
1711 7169.000000 202.073264
1712 7171.000000 202.127375
1713 7173.000000 204.720353
1714 7175.000000 206.996532
1715 7177.000000 206.636911
1716 7179.000000 199.490302
1717 7181.000000 193.650012
1718 7183.000000 196.072304
1719 7185.000000 205.736839
1720 7187.000000 209.165182
1721 7189.000000 206.528603
1722 7191.000000 205.631280
1723 7193.000000 204.678337
1724 7195.000000 203.925119
1725 7197.000000 198.104869
1726 7199.000000 198.239438
1727 7201.000000 196.612356
1728 7203.000000 200.099546
1729 7205.000000 198.794728
1730 7207.000000 200.898090
1731 7209.000000 202.497728
1732 7211.000000 198.525610
1733 7213.000000 193.100532
1734 7215.000000 190.829286
1735 7217.000000 191.574525
1736 7219.000000 193.126428
1737 7221.000000 188.829019
1738 7223.000000 193.371946
1739 7225.000000 194.093928
1740 7227.000000 196.952017
1741 7229.000000 196.083243
1742 7231.000000 194.489715
1743 7233.000000 196.302237
1744 7235.000000 197.046290
1745 7237.000000 196.381783
1746 7239.000000 197.278454
1747 7241.000000 199.346587
1748 7243.000000 205.808708
1749 7245.000000 207.730119
1750 7247.000000 203.168211
1751 7249.000000 192.712205
1752 7251.000000 193.650466
1753 7253.000000 199.757541
1754 7255.000000 201.600721
1755 7257.000000 197.874280
1756 7259.000000 194.203455
1757 7261.000000 192.609260
1758 7263.000000 193.278550
1759 7265.000000 192.891773
1760 7267.000000 194.568308
1761 7269.000000 197.254190
1762 7271.000000 191.921405
1763 7273.000000 190.285598
1764 7275.000000 205.634224
1765 7277.000000 216.743651
1766 7279.000000 214.157871
1767 7281.000000 211.455023
1768 7283.000000 215.765673
1769 7285.000000 214.777445
1770 7287.000000 205.577410
1771 7289.000000 200.881297
1772 7291.000000 205.423022
1773 7293.000000 206.922154
1774 7295.000000 205.380776
1775 7297.000000 201.934801
1776 7299.000000 197.033525
1777 7301.000000 198.198190
1778 7303.000000 203.214111
1779 7305.000000 204.355215
1780 7307.000000 200.211362
1781 7309.000000 194.859714
1782 7311.000000 193.092201
1783 7313.000000 190.182496
1784 7315.000000 201.955460
1785 7317.000000 210.790787
1786 7319.000000 208.352019
1787 7321.000000 198.416214
1788 7323.000000 195.833138
1789 7325.000000 188.847162
1790 7327.000000 184.897701
1791 7329.000000 196.832880
1792 7331.000000 197.423387
1793 7333.000000 195.287812
1794 7335.000000 191.162285
1795 7337.000000 181.696182
1796 7339.000000 188.173192
1797 7341.000000 198.252273
1798 7343.000000 198.047096
1799 7345.000000 191.132455
1800 7347.000000 191.519117
1801 7349.000000 191.299066
1802 7351.000000 196.844653
1803 7353.000000 195.180069
1804 7355.000000 192.310148
1805 7357.000000 195.272926
1806 7359.000000 198.297525
1807 7361.000000 198.562774
1808 7363.000000 194.502732
1809 7365.000000 186.899023
1810 7367.000000 190.870423
1811 7369.000000 202.191392
1812 7371.000000 203.518319
1813 7373.000000 199.268502
1814 7375.000000 195.070776
1815 7377.000000 194.322947
1816 7379.000000 192.419107
1817 7381.000000 193.893452
1818 7383.000000 195.881035
1819 7385.000000 195.307952
1820 7387.000000 196.399589
1821 7389.000000 195.938348
1822 7391.000000 201.499801
1823 7393.000000 204.748045
1824 7395.000000 202.782188
1825 7397.000000 195.561709
1826 7399.000000 192.544002
1827 7401.000000 198.576327
1828 7403.000000 205.166763
1829 7405.000000 200.162987
1830 7407.000000 192.589650
1831 7409.000000 192.452187
1832 7411.000000 194.494026
1833 7413.000000 194.254860
1834 7415.000000 195.094180
1835 7417.000000 195.005044
1836 7419.000000 194.421290
1837 7421.000000 197.733589
1838 7423.000000 198.952134
1839 7425.000000 199.344194
1840 7427.000000 197.250113
1841 7429.000000 202.230154
1842 7431.000000 203.027865
1843 7433.000000 201.404506
1844 7435.000000 196.303313
1845 7437.000000 195.733891
1846 7439.000000 197.301205
1847 7441.000000 198.111403
1848 7443.000000 193.043892
1849 7445.000000 193.420334
1850 7447.000000 195.633780
1851 7449.000000 196.845128
1852 7451.000000 197.409014
1853 7453.000000 193.918734
1854 7455.000000 196.173067
1855 7457.000000 198.599560
1856 7459.000000 196.595794
1857 7461.000000 197.740225
1858 7463.000000 195.641970
1859 7465.000000 190.813369
1860 7467.000000 192.733519
1861 7469.000000 191.181686
1862 7471.000000 187.518469
1863 7473.000000 194.825474
1864 7475.000000 196.748246
1865 7477.000000 193.638089
1866 7479.000000 194.001519
1867 7481.000000 198.131464
1868 7483.000000 202.558804
1869 7485.000000 203.134091
1870 7487.000000 203.877483
1871 7489.000000 201.345612
1872 7491.000000 199.706608
1873 7493.000000 198.951159
1874 7495.000000 198.542304
1875 7497.000000 196.074535
1876 7499.000000 196.549095
1877 7501.000000 nan
